./data/datasets/cr3bp_EARTH_MOON_low_thrust_halo_L2_to_halo_L1.dat
CR3BP LT
CONSTANTS : MU [km^3.s^-2], LU [km], WU [s^-1], MASSU [kg]. WU [s], VU = LU * WU [km.s^-1], THRUSTU = 1000 * VU * MASSU * WU [N].
0.012150584269940354
384399
2.6653247794757194e-06
1000
SPACECRAFT PARAMETERS : INITIAL MASS [MASSU], DRY MASS [MASSU], THRUST [THRUSTU], ISP [TU].
1
0.5
0.18309963613683647
0.0053306495589514388
4
State
111, 8
x [LU], y [LU], z [LU], vx [VU], vy [VU], vz [VU], mass [MASSU], dt [TU], 
1.1607973110000016, 0, -0.12269696820337475, 0, -0.20768326513738075, 0, 1, 0.041869829263036756, 
1.1605170206138558, -0.0087825306206132398, -0.12244739737459399, -0.013449441593958226, -0.21159133374084285, 0.011921461573497702, 0.99959966639095454, 0.041869829263036756, 
1.1596687031906663, -0.017697737401598666, -0.12169241656862478, -0.027123931076656598, -0.21401542992686937, 0.024141894985947602, 0.99919933277876449, 0.041869829263036756, 
1.1582451737955446, -0.026683287103174327, -0.1204189527937079, -0.040916413178597441, -0.21494640974130297, 0.036687522893200125, 0.99879899917215154, 0.041869829263036756, 
1.156243102112902, -0.035675960282062998, -0.11861351465125437, -0.054749508210326529, -0.21435060117311283, 0.049552057522608439, 0.99839866556528245, 0.041869829263036756, 
1.1536616348774835, -0.044610796619283598, -0.11626376744253562, -0.068582086983794005, -0.21217792672680605, 0.062686495251634181, 0.99799833195412302, 0.041869829263036756, 
1.1505216818910253, -0.05340199889796212, -0.11337460761497817, -0.081402774241295633, -0.20749675646479179, 0.075316506093661917, 0.99767598345917841, 0.041869829263036756, 
1.1469307830118989, -0.061891022688437158, -0.11002032781485574, -0.09006055367759154, -0.19779499549920224, 0.084901119530405161, 0.9976750859810376, 0.041869829263036756, 
1.142985614158907, -0.069948324384451796, -0.10626552213493758, -0.098314592990669511, -0.18687401643734081, 0.094445165498884209, 0.99767340873218191, 0.041869829263036756, 
1.1387046730705919, -0.077522538934724355, -0.10211253735842843, -0.10608906638868759, -0.17471889078579553, 0.10391755237408946, 0.99767202280203215, 0.041869829263036756, 
1.1341092554617769, -0.084561982884578557, -0.097564758529503678, -0.11332642909720783, -0.16132890195824862, 0.11329972213680309, 0.9976706861824417, 0.041869829263036756, 
1.1292230212625931, -0.09101487490275309, -0.092626391388979434, -0.11997135745967843, -0.14669983004147105, 0.12257095285807629, 0.9976692599804049, 0.041869829263036756, 
1.1240720848192773, -0.09682901678415276, -0.087302792883886246, -0.12596190969482321, -0.13081579129756646, 0.13169686578099343, 0.99766852208499557, 0.041869829263036756, 
1.1186842175020744, -0.10195204694582367, -0.081599799400277145, -0.131281398555391, -0.1136838570291481, 0.14068877883201847, 0.99766561923073593, 0.041869829263036756, 
1.1130640842670387, -0.1063460294092215, -0.075492034609086892, -0.13706040704286906, -0.095968788463419497, 0.15102592036786977, 0.99755462917366211, 0.041869829263036756, 
1.1071664010865065, -0.10999414694827565, -0.068886145109970431, -0.14455161291226726, -0.0780104108001793, 0.16447523095724637, 0.9972197859994455, 0.041869829263036756, 
1.1009559137143534, -0.11285312946665697, -0.061697677603449547, -0.15199654547612398, -0.058245794601292165, 0.17884305832272804, 0.99681945239191183, 0.041869829263036756, 
1.0944502446490176, -0.11483465786566927, -0.053910515066939092, -0.1586405105463598, -0.036071860046692321, 0.19305772374404659, 0.99641911878397726, 0.041869829263036756, 
1.087684281423543, -0.11583412742473494, -0.045534144285531306, -0.16441987278896458, -0.011302615995583624, 0.20696608641773806, 0.99601878517759945, 0.041869829263036756, 
1.0806954994088345, -0.11573795006611368, -0.036585331449956994, -0.16927505896305808, 0.016307848349037986, 0.22037028648658866, 0.99561845157544271, 0.041869829263036756, 
1.0735235169862996, -0.11442079886419684, -0.027090652276417125, -0.17316402816441795, 0.047078265291317679, 0.23299424116128875, 0.99521811797237592, 0.041869829263036756, 
1.066209750956596, -0.11174150019507915, -0.017090344715850171, -0.17604372172281263, 0.08145161242347633, 0.24445243120313759, 0.99481778436352541, 0.041869829263036756, 
1.0587970437019507, -0.10753759640339491, -0.0066445381510831358, -0.17789081309181159, 0.12000757915711827, 0.25416476082903788, 0.99441745075678722, 0.041869829263036756, 
1.0513292575077975, -0.10161848002727626, 0.0041563863872641155, -0.1786822201942258, 0.16351638306668673, 0.26123914505128931, 0.9940171171456208, 0.041869829263036756, 
1.0438496202204153, -0.093757874326959353, 0.015174008148094898, -0.17847509411222209, 0.21291231410072683, 0.26422467366626978, 0.99361678353439198, 0.041869829263036756, 
1.0363974531603348, -0.083687074736049097, 0.02619120677308508, -0.17740149732524088, 0.26926589057216244, 0.26072811952662917, 0.99321644992377012, 0.041869829263036756, 
1.0290039790192582, -0.071094329094160122, 0.036859379776031008, -0.17571081849871167, 0.33347034617845123, 0.24672388787785315, 0.99281611631249267, 0.041869829263036756, 
1.0216907627642671, -0.05565034874049838, 0.0466111168256352, -0.17357633602003161, 0.40517893746650036, 0.21562108400426605, 0.99241578270123998, 0.041869829263036756, 
1.014480357795317, -0.037112947384306622, 0.054537458362472743, -0.17064412563304673, 0.47987052727656027, 0.15777880317078607, 0.99201544909006389, 0.041869829263036756, 
1.0074415184423784, -0.015608260246688788, 0.059309197704312623, -0.16479882104838972, 0.54352443301064135, 0.064045655031739659, 0.99161511547889514, 0.041869829263036756, 
1.0008027537266824, 0.0078515267961619412, 0.059411899851161271, -0.1506221536933664, 0.56897002126314433, -0.062236950457190694, 0.99136892133170007, 0.041869829263036756, 
0.99501290622276828, 0.03120546141388985, 0.054089178922152627, -0.12413934679338753, 0.53835708679905347, -0.18853323962304824, 0.991368514536209, 0.041869829263036756, 
0.99051926773195831, 0.052422275906896174, 0.04411022420505873, -0.089783619121225886, 0.47151725858955296, -0.28111961659763418, 0.9913682981237748, 0.041869829263036756, 
0.98750538546151856, 0.070574395729755338, 0.031115624323392915, -0.054531614033987839, 0.39585974094310378, -0.33363869042900635, 0.99136815038478532, 0.041869829263036756, 
0.98589988324539735, 0.085672146753655157, 0.01657521087911221, -0.022956974740762564, 0.32701393937167783, -0.3571913445119258, 0.99136803427870723, 0.041869829263036756, 
0.98551230009203794, 0.098109364356927756, 0.0014407915044865993, 0.0036027895042975888, 0.26883919431286024, -0.36365953968566056, 0.9913679363504645, 0.041869829263036756, 
0.98613493207413194, 0.10832011060529655, -0.013748414101165099, 0.025399465548618629, 0.22034547793682496, -0.36076401753163001, 0.99136784498439368, 0.041869829263036756, 
0.98758263446085326, 0.11666758073274465, -0.028699937738755003, 0.04313924147056046, 0.17949674894979434, -0.35282249221676076, 0.99136775853093895, 0.041869829263036756, 
0.98970081628032536, 0.1234318297393294, -0.043256007843523368, 0.05753722220693136, 0.14444713713567139, -0.34214972380056696, 0.99136767460240649, 0.041869829263036756, 
0.99236258187505355, 0.12882452007875075, -0.057330846455858002, 0.069193831303429196, 0.11378024713977937, -0.32998346094526104, 0.99136759130587615, 0.041869829263036756, 
0.99546349370708032, 0.13300640013074244, -0.070877335734210775, 0.078583379317391636, 0.086465721179337832, -0.31699260414197972, 0.99136750783074612, 0.041869829263036756, 
0.99891665535819629, 0.13610151963622927, -0.083869372887976371, 0.086073387777616847, 0.061765538655321313, -0.30354330805108087, 0.99136742204419526, 0.041869829263036756, 
1.002648730003169, 0.13820767197620412, -0.096292419939381202, 0.091947745054619362, 0.039151520007783526, -0.28983825556264392, 0.99136733381155018, 0.041869829263036756, 
1.0065968818693303, 0.13940381597359855, -0.1081383492981378, 0.096427137532650947, 0.018243563558943195, -0.27598976354371052, 0.99136724113754782, 0.041869829263036756, 
1.0107064650735589, 0.13975531411552691, -0.11940258879330937, 0.099684344180413179, -0.0012336761442143891, -0.26206014384223986, 0.99136714268275772, 0.041869829263036756, 
1.014929279952125, 0.13931764772653868, -0.13008252326861758, 0.10185618736075036, -0.019480994174632182, -0.24808322976033317, 0.9913670367514823, 0.041869829263036756, 
1.0192222591387108, 0.13813907488407726, -0.140176584379296, 0.10305225294740346, -0.03664550899783145, -0.23407669351185387, 0.99136692090293543, 0.041869829263036756, 
1.0235464701590791, 0.13626255569947526, -0.14968373142087585, 0.10336140184098802, -0.052835182845366167, -0.22004892214915425, 0.99136679386485893, 0.041869829263036756, 
1.0278663554367629, 0.13372716449685618, -0.1586031543332295, 0.1028566859189942, -0.068129090873744538, -0.20600303521769636, 0.9913666523044411, 0.041869829263036756, 
1.0321491325585728, 0.13056914679251724, -0.16693410478211135, 0.10159815389925519, -0.08258428764965435, -0.19193914090868697, 0.9913665358690541, 0.041869829263036756, 
1.0363643633707147, 0.12682270813999144, -0.17467579733251246, 0.099638137400077112, -0.096241919806286269, -0.17785551870216934, 0.99136640869617254, 0.041869829263036756, 
1.0404836562130728, 0.12252059454727202, -0.18182735186067248, 0.097022367663065309, -0.10913110192280732, -0.16374945362332932, 0.99136619648253455, 0.041869829263036756, 
1.044480365302376, 0.11769457070119931, -0.18838776152143, 0.093788771770996093, -0.12126995790392052, -0.14961765437302874, 0.99136594506943687, 0.041869829263036756, 
1.0483293659982342, 0.11237580087867476, -0.19435587182095099, 0.089972268058205088, -0.13266935326881246, -0.13545638321034068, 0.99136563921792908, 0.041869829263036756, 
1.0520069295826524, 0.10659512645974327, -0.19973036483065093, 0.085604769883854376, -0.14333406984513111, -0.12126157801550976, 0.99136525182723145, 0.041869829263036756, 
1.0554906197369924, 0.1003832889688431, -0.20450974650348144, 0.080716213356899658, -0.15326426437951204, -0.10702888999909033, 0.99136472496526651, 0.041869829263036756, 
1.058759246953719, 0.093771073114444575, -0.20869233596216555, 0.075336290731315148, -0.16245786122025488, -0.092753738711100542, 0.99136387303713691, 0.041869829263036756, 
1.0618053881995124, 0.08677331843127635, -0.21227706265157495, 0.070082235676652227, -0.17168683409982172, -0.078469855576676767, 0.99131196704611302, 0.041869829263036756, 
1.0647051237175895, 0.079291387900884122, -0.21525397702396371, 0.068271858483225201, -0.18563736347170021, -0.063719401097037179, 0.99091163343498523, 0.041869829263036756, 
1.0675101731712968, 0.071236300350962373, -0.21759866434477029, 0.065561616624688346, -0.19905443299885545, -0.048269381822720996, 0.99051129982388963, 0.041869829263036756, 
1.0701785806055502, 0.062627533200096452, -0.21929088293098362, 0.061744786759923058, -0.21207090126351225, -0.032552159210857884, 0.99011096622005901, 0.041869829263036756, 
1.0726632012052295, 0.053482869337913769, -0.22032164817390998, 0.056782823912593289, -0.22463710130824566, -0.016673070786378287, 0.98971063260889325, 0.041869829263036756, 
1.0749158854732492, 0.043823109434920751, -0.2206846398814766, 0.05066694573802559, -0.23665891141258333, -0.00065409711108835214, 0.9893102989976702, 0.041869829263036756, 
1.0768883378566361, 0.033673241245465634, -0.22037429250938412, 0.04339917054428994, -0.24803054934962657, 0.015490622333417079, 0.98890996538652753, 0.041869829263036756, 
1.0785326617983255, 0.023062945517982707, -0.21938544031246354, 0.034996778018576806, -0.25863378824005973, 0.031756033700011871, 0.98850963177532203, 0.041869829263036756, 
1.079801874951726, 0.012026941559001731, -0.21771318280719285, 0.025486300250924215, -0.26834626022940261, 0.048134398988441372, 0.98810929816410653, 0.041869829263036756, 
1.0806503197949804, 0.00060515371870158694, -0.21535300323835216, 0.01490464227371259, -0.27704181556702551, 0.064614980952789738, 0.98770896455288126, 0.041869829263036756, 
1.0810341229293923, -0.011157144364911427, -0.212300913381131, 0.003300289726455006, -0.28459123335038811, 0.081183096188435486, 0.98730863094448507, 0.041869829263036756, 
1.0809117085242808, -0.023209221803064888, -0.20855364563701129, -0.0092653220183179473, -0.29086326437159638, 0.097818805373083503, 0.98690829733582275, 0.041869829263036756, 
1.0802443479919654, -0.035494846195663725, -0.20410891957722682, -0.022717460202801541, -0.29572663092624368, 0.11449466803774755, 0.98650796372704608, 0.041869829263036756, 
1.0789967450297642, -0.047952317140066342, -0.19896578681784038, -0.036966751931680614, -0.29905177347502504, 0.13117425456110324, 0.98610763011817348, 0.041869829263036756, 
1.0771376871808467, -0.060514582787166468, -0.19312504161658606, -0.051907367039243882, -0.30071309771784416, 0.14781050690793079, 0.98570729650917832, 0.041869829263036756, 
1.0746407259872872, -0.073109483290445795, -0.1865897196034767, -0.067417503920602528, -0.30059276855714018, 0.16434318810853488, 0.98530696290012154, 0.041869829263036756, 
1.0714847868642521, -0.085660190609258446, -0.17936579419411558, -0.083362306055576374, -0.29858628041822843, 0.18069201713376731, 0.98490662929195272, 0.041869829263036756, 
1.0676547809840453, -0.098085810603771195, -0.17146296705994796, -0.099590827130141016, -0.29460471542673533, 0.19675907750387414, 0.98450629568473214, 0.041869829263036756, 
1.0631425798891956, -0.11030206494397747, -0.16289534905417846, -0.1159217560046643, -0.28857644568527641, 0.2124316813446917, 0.98410596207713374, 0.041869829263036756, 
1.0579477980007181, -0.12222263529318159, -0.1536843386080643, -0.13216726966569872, -0.28047652078550384, 0.22747457074434546, 0.98370562847703613, 0.041869829263036756, 
1.052061819084789, -0.13364435682697531, -0.14387589411560114, -0.14883223127681086, -0.26473873330077718, 0.24095185634346641, 0.9835953457560157, 0.041869829263036756, 
1.0454923387973014, -0.14431763851389753, -0.13351957606931317, -0.16475807870948769, -0.24473505376539856, 0.25362906039514466, 0.98359441475160991, 0.041869829263036756, 
1.0382841444878481, -0.15410905520502555, -0.12264697163839873, -0.179314282073753, -0.22263433521414877, 0.26559800772754238, 0.98359385406354316, 0.041869829263036756, 
1.0304979711417224, -0.16293354148695888, -0.11128965390514249, -0.19234096080357013, -0.19857122840987956, 0.27676710384238712, 0.98359342757770185, 0.041869829263036756, 
1.0222009736922102, -0.1707120859044218, -0.099483025346967444, -0.20369169852207261, -0.17270004269149986, 0.28704516656104445, 0.98359306390060852, 0.041869829263036756, 
1.0134661281725896, -0.17737257656509606, -0.087266279562968369, -0.21323518309333248, -0.14519579283632825, 0.29634239230338044, 0.98359272993355418, 0.041869829263036756, 
1.0043715625705554, -0.18285064792584504, -0.074682331304789865, -0.22085690463756832, -0.11625323138813469, 0.30457090905044404, 0.98359240546749815, 0.041869829263036756, 
0.99499982376289065, -0.1870904848714213, -0.0617777282372967, -0.22646050623243461, -0.086085798844088457, 0.31164510923066796, 0.98359206464299542, 0.041869829263036756, 
0.98543709928059053, -0.19004560795265785, -0.048602554974166476, -0.22996862039707447, -0.054925791443372084, 0.31748170425588051, 0.98359159580109945, 0.041869829263036756, 
0.97578196336298884, -0.19172592776882147, -0.035219425816652494, -0.23089785790753881, -0.025241438501693393, 0.32156539814604307, 0.98347273552978121, 0.041869829263036756, 
0.96614688804306248, -0.19226505054538245, -0.021711418855001306, -0.22908127100398007, -0.00047181442685439198, 0.323434395213963, 0.98307301556642845, 0.041869829263036756, 
0.95661607130996584, -0.19176287511175119, -0.0081648657464354069, -0.22591882571871386, 0.024456472479425503, 0.32339712738490595, 0.98267336458939436, 0.041869829263036756, 
0.94724842926709163, -0.19021775524960355, 0.0053421058290601493, -0.22129261082575183, 0.04930244780515583, 0.32153801338599264, 0.98227377331320087, 0.041869829263036756, 
0.93810420969458175, -0.18763869409276271, 0.018733718285283016, -0.21525687079236067, 0.073801747991984204, 0.31788482943450941, 0.98187422779888089, 0.041869829263036756, 
0.92924064085953473, -0.18404597255003133, 0.031935537667545963, -0.20790124088795137, 0.097681310349217648, 0.31247375722493548, 0.98147389439803612, 0.041869829263036756, 
0.92071064699584015, -0.1794704829571723, 0.044875475109153407, -0.19934059356931588, 0.1207082814692019, 0.30538026794389539, 0.98107356100564092, 0.041869829263036756, 
0.91256185356459818, -0.17395267108981613, 0.057484535993397597, -0.18971250768280309, 0.14265989306235788, 0.2966762405372354, 0.9806732276232123, 0.041869829263036756, 
0.90483448700705604, -0.16754065551740144, 0.069694134095009186, -0.17923126875659659, 0.16339372626317558, 0.28630886369871722, 0.98027289425195918, 0.041869829263036756, 
0.89756205088449581, -0.16029035170203454, 0.081440234475958814, -0.16800459943398899, 0.18267831147077246, 0.27454789489453979, 0.97987256089531127, 0.041869829263036756, 
0.89077244773400388, -0.15226524676074538, 0.0926661919742474, -0.15619064971358146, 0.20038405188427474, 0.26147610356846895, 0.97947222754542629, 0.041869829263036756, 
0.88448720634320732, -0.14353383557303132, 0.10331937056514416, -0.14393530324327297, 0.21640103851543718, 0.2472018837974734, 0.97907189420463914, 0.041869829263036756, 
0.87872191966861912, -0.13416873254314279, 0.11335189551810654, -0.13137585300397847, 0.23064210997372706, 0.23184398178440463, 0.97867156086504792, 0.041869829263036756, 
0.87348720991819773, -0.12424561646083537, 0.12272055868068471, -0.11861209485952322, 0.24304734615968945, 0.21550631363302025, 0.97827122753809181, 0.041869829263036756, 
0.86878816975715001, -0.1138420877194312, 0.13138647236658166, -0.10580809408111382, 0.25358558927778946, 0.1982911417293001, 0.97787089420983331, 0.041869829263036756, 
0.86462377273290547, -0.10303659316534432, 0.13931509010989598, -0.093091993195976303, 0.26224687763584181, 0.18030340576506956, 0.97747056088544804, 0.041869829263036756, 
0.86098779025393224, -0.091907545454028322, 0.1464762335916297, -0.080584094662070935, 0.26904252161226211, 0.16164667456647427, 0.97707022756566164, 0.041869829263036756, 
0.85786912002789861, -0.080532465601786951, 0.15284402573597938, -0.068396904015041976, 0.27400352394459043, 0.14242270988413952, 0.97666989425216988, 0.041869829263036756, 
0.85525210766296078, -0.068987188734988145, 0.15839680702660108, -0.056635394804747663, 0.27717914299719482, 0.12273109656321474, 0.97626956094634376, 0.041869829263036756, 
0.85311685511313617, -0.057345126754955039, 0.16311703760043839, -0.045397358914007049, 0.27863560719112129, 0.10266893122297469, 0.97586922764371664, 0.041869829263036756, 
0.851439514951008, -0.04567658183552744, 0.16699118752093992, -0.034773714246125728, 0.27845497243115824, 0.082330573963911538, 0.97546889434285822, 0.041869829263036756, 
0.8501925750050171, -0.03404810510372798, 0.17000961829839811, -0.024848648172815645, 0.27673410032726747, 0.06180747634864759, 0.97506856105830864, 0.041869829263036756, 
0.84934514272205874, -0.02252189638236338, 0.1721664591007018, -0.015699478060028509, 0.27358371727510195, 0.041188105437662124, 0.97466822777693285, 0.041869829263036756, 
0.84886324363915355, -0.011155242966586699, 0.17345948221403582, -0.0073961109435305957, 0.26912748447513152, 0.02055798825715895, 0.97426789450581397, 0.041869829263036756, 
0.84871015300050823, 3.5156733068117657e-13, 0.17388998538246278, -5.579906451814315e-13, 0.2635009389615538, 1.4108433427376717e-12, 0.97386756125925533, 0.041869829263036756, 
Control
110, 3
ux [THRUSTU], uy [THRUSTU], uz [THRUSTU], 
-0.13541557201981869, -0.11055075047553584, 0.054466789719710092, 
-0.13272653986945598, -0.11007768351522029, 0.061579590488921858, 
-0.1287945925907866, -0.11012993331810342, 0.069345709795277585, 
-0.12437383418058877, -0.11010120278867851, 0.077034740708554192, 
-0.12040984058361003, -0.10965647606953964, 0.08368036990451326, 
-0.094795885049805961, -0.086928636811652027, 0.072064406411475893, 
-0.00024857757862586742, -0.00023910466597089512, 0.00022255442317978033, 
-0.00046604414175053941, -0.00043216133976604838, 0.00042954954603627055, 
-0.00037710649894483867, -0.00034411269814101878, 0.00037574063215727434, 
-0.00035770410597614526, -0.00031621762390811781, 0.0003818079869272242, 
-0.00037652762631379855, -0.00031766153269155152, 0.00042756634952241279, 
-0.00018896475564686237, -0.00015556278387373349, 0.00023236172577644588, 
-0.00075099645276851808, -0.00054621705333727491, 0.00094887485090643868, 
-0.028512572133827407, -0.018607218696675584, 0.037652536647445937, 
-0.08495145606404407, -0.049592596748376246, 0.11737825358781108, 
-0.098999989221543266, -0.04865477004797205, 0.14614100128004678, 
-0.096268523544112791, -0.037175209784861128, 0.15124765093215967, 
-0.093543858666350135, -0.025406278532434975, 0.15533687350708689, 
-0.090766441095525577, -0.013250757647264832, 0.15846560308536459, 
-0.088115545787890243, -0.0007806979137989315, 0.16050083444073798, 
-0.085220585687024744, 0.012536683595925455, 0.16157277031517506, 
-0.082026952534784758, 0.026759563018404701, 0.16149607302295577, 
-0.077733471372589832, 0.042397581475779253, 0.16026674411077962, 
-0.073000941996363228, 0.058825117457891936, 0.15727665045170297, 
-0.067880528751867314, 0.076004028438893562, 0.15212198470728455, 
-0.063506367952563925, 0.093868936613205292, 0.14380904260513847, 
-0.059176237092182907, 0.11271374924222716, 0.13160266126029627, 
-0.05496115571577536, 0.13222913661473723, 0.11410610656588402, 
-0.050499785686717501, 0.15152062812186756, 0.089536292389643224, 
-0.029313307503154414, 0.10643005309304102, 0.022190353371538327, 
-2.3201162775431274e-05, 0.00018454044305935935, -5.039285481813207e-06, 
3.8899756732643109e-06, 9.6221290171620767e-05, -2.2887824136293629e-05, 
1.4974732996885246e-05, 6.0754272942408517e-05, -2.5511775002342636e-05, 
2.0774098723434197e-05, 4.2077373515320274e-05, -2.4868742621288217e-05, 
2.2620262718860789e-05, 3.0390973364286885e-05, -2.3896782805102819e-05, 
2.7459890478659833e-05, 2.3073178055965003e-05, -2.1451783350073842e-05, 
2.9339437038459463e-05, 1.6995413063107206e-05, -2.0344676216463565e-05, 
3.0922594427110256e-05, 1.1880971978062308e-05, -1.9401121008540756e-05, 
3.2114952137479663e-05, 7.3622954666548269e-06, -1.9134158528266791e-05, 
3.3181286567092619e-05, 3.2631392878883098e-06, -1.8604565558430322e-05, 
3.5391300354825315e-05, -1.5963917241788899e-06, -1.687782203523405e-05, 
3.5268402179523159e-05, -5.3755652199374096e-06, -1.8874846223915738e-05, 
3.7674697922747595e-05, -1.0230896433997147e-05, -1.6527398145691159e-05, 
3.9324425788632981e-05, -1.5006873030286423e-05, -1.6010730908121137e-05, 
4.1278116216653637e-05, -2.0140607427185225e-05, -1.543443040512062e-05, 
4.3683361369007968e-05, -2.5912651094343705e-05, -1.510637101706096e-05, 
4.6352267427986588e-05, -3.201310917558616e-05, -1.4246486107366351e-05, 
4.974472101848445e-05, -3.9146866062744613e-05, -1.3627169211633429e-05, 
3.2997766972525837e-05, -3.9433327625752123e-05, -1.3861152356592977e-05, 
3.3905082505457918e-05, -4.5435146893917922e-05, -1.3009222417557947e-05, 
6.655176742919309e-05, -6.9680202819537448e-05, -1.1695466319266307e-05, 
7.6216984402706638e-05, -8.538912061137281e-05, -1.1059819261776795e-05, 
8.9968925063015992e-05, -0.00010661061676748428, -1.0507549967338896e-05, 
0.00011112133613119811, -0.00013762826294349471, -1.0185501167397494e-05, 
0.00014841337458091378, -0.00018955895548603379, -1.0533089087121683e-05, 
0.00023837336282117046, -0.00030792859882699191, -1.3591246000212994e-05, 
0.01508118563805139, -0.018310587286755324, -0.00093463838661182622, 
0.11394930410563064, -0.14304750608446443, 0.0088568533011614253, 
0.11490864595900548, -0.14051264711380326, 0.024034888070987404, 
0.11082624237401663, -0.14286195197604451, 0.028870113243241294, 
0.10582921986632726, -0.14614130350264928, 0.031118682379410657, 
0.10053901559015568, -0.14947740241576535, 0.032770249699063003, 
0.095066629942641034, -0.1527394689158004, 0.034036263907565097, 
0.089596189537953619, -0.15575982651387704, 0.035169248196907206, 
0.084142816782210889, -0.1585496756087475, 0.036158864782733405, 
0.078727006328773261, -0.16111509228839588, 0.037006246381779608, 
0.073374870097504402, -0.16346053628799848, 0.037712839661814004, 
0.068120688370089388, -0.16558990847902805, 0.038275720540639262, 
0.062982949987048953, -0.16752109240000532, 0.038669217334471997, 
0.057989057503009638, -0.16926960621849368, 0.038865748118616296, 
0.05318888258070726, -0.17084598922202879, 0.038833844749681899, 
0.048606523540062521, -0.17227709569904495, 0.038516034620809839, 
0.044194810748528643, -0.17363538280828586, 0.037723325723723618, 
0.0399885210015666, -0.17494408803285255, 0.03634502726210239, 
0.036381464376368182, -0.17613138747115084, 0.034345307564206944, 
0.033273079562831105, -0.17767684585035315, 0.029143027459072594, 
0.0088091408725369316, -0.049463260998662537, 0.0044668930741620459, 
-6.4059012423897741e-06, -0.00041073972255631521, 0.00011210358593910803, 
-3.8799837885396352e-05, -0.00023303461807249644, 9.975675917011616e-05, 
-5.1518251138184132e-05, -0.0001610547212689073, 9.724328187032762e-05, 
-5.7615539305780077e-05, -0.00012196672012342021, 9.7324116124802975e-05, 
-5.9674772977184774e-05, -0.00010080407558542174, 9.8026353015405007e-05, 
-5.7838065672301619e-05, -9.5356281469633028e-05, 9.7903406037521721e-05, 
-5.0124050746458911e-05, -0.00011337010952503071, 9.4522484860029514e-05, 
-2.6750751706406542e-05, -0.00019741500368412079, 7.9332347842993753e-05, 
0.012194212046528799, -0.051994183821168681, -0.010159955964726797, 
0.034947931440798392, -0.17701650544078501, -0.029437672970506416, 
0.029894607833660939, -0.17585625992857504, -0.039901502000962132, 
0.02809190748293542, -0.17428105869750549, -0.047309807187055367, 
0.026148836430425714, -0.17275563401400021, -0.053528865689012488, 
0.023854920877122661, -0.17172611817345748, -0.058877202655188622, 
0.021136210069589118, -0.17064983705492737, -0.062907343667804205, 
0.017855106649409196, -0.16980858868476417, -0.066118657970483705, 
0.012453402646569293, -0.1679810680547269, -0.071782383037451589, 
0.0076145742820816712, -0.1679040126889115, -0.072633989576016522, 
0.0022907583093559006, -0.16778250375309464, -0.073274949929306971, 
-0.0032457964866878632, -0.16776779343515191, -0.07327254311257507, 
-0.0088639420312906347, -0.16789752546648481, -0.072507128604280643, 
-0.013806689336243273, -0.16803393321038981, -0.071410110847940189, 
-0.019738742049751918, -0.16800460695400146, -0.070073279588553264, 
-0.026007662034663766, -0.16781533447487978, -0.068461993646243932, 
-0.032626297113881889, -0.16740210686430496, -0.066614473289878642, 
-0.039611246114238212, -0.16669847794802189, -0.064560006769450062, 
-0.046981963981255162, -0.16563331443889609, -0.06231955673728002, 
-0.054759147812652037, -0.16412830760210373, -0.059906262839168258, 
-0.062962341050731452, -0.16209538948732774, -0.057325850443770192, 
-0.071606553119954605, -0.15943424812173831, -0.054576968826425216, 
-0.080697562308019999, -0.15603028284149587, -0.051651486423219824, 
-0.090225458133281811, -0.15175363764015062, -0.048534728286491628, 
-0.10015623522936115, -0.14646090861320957, -0.045203405136829897, 
Departure orbit
220, 8
x [LU], y [LU], z [LU], vx [VU], vy [VU], vz [VU], mass [MASSU], dt [TU], 
1.1607973110000016, 0, -0.12269696820337475, 0, -0.20768326513738075, 0, 1, 0.014952805633625502, 
1.1607770389431644, -0.0031051439680573291, -0.12267122861286239, -0.0027112756769025227, -0.2076223684679388, 0.0034427136894172278, 1, 0.014952805633625502, 
1.1607162403842031, -0.0062084668903126614, -0.1225940155558449, -0.0054201958695913321, -0.2074396997896617, 0.0068846630077459611, 1, 0.014952805633625502, 
1.1606149681457505, -0.0093081483586387754, -0.12246534617860237, -0.0081244067011374942, -0.2071353230498891, 0.01032508321964213, 1, 0.014952805633625502, 
1.1604733102254872, -0.012402369238978198, -0.12228524906736261, -0.010821557506580282, -0.20670934468490396, 0.013763208858191428, 1, 0.014952805633625502, 
1.1602913897361464, -0.015489312305180754, -0.12205376426202248, -0.013509302432426273, -0.20616191340626064, 0.01719827335147121, 1, 0.014952805633625502, 
1.1600693648216565, -0.018567162869010338, -0.12177094327551834, -0.016185302028418003, -0.20549321990214703, 0.020629508639914019, 1, 0.014952805633625502, 
1.1598074285495572, -0.021634109405053985, -0.12143684911900583, -0.018847224829080866, -0.20470349645427946, 0.024056144781381489, 1, 0.014952805633625502, 
1.1595058087798573, -0.024688344169274824, -0.12105155633305627, -0.021492748922630252, -0.20379301647096451, 0.027477409540835031, 1, 0.014952805633625502, 
1.1591647680105419, -0.027728063809960912, -0.12061515102512327, -0.024119563504911876, -0.20276209393709368, 0.030892527961460917, 1, 0.014952805633625502, 
1.1587846031999709, -0.030751469969834355, -0.12012773091358074, -0.026725370416157232, -0.20161108278196194, 0.0343007219140712, 1, 0.014952805633625502, 
1.158365645566438, -0.033756769878099412, -0.119589405378681, -0.029307885658462398, -0.20034037616592071, 0.037701209621557846, 1, 0.014952805633625502, 
1.157908260365198, -0.036742176931224169, -0.11900029552083061, -0.03186484089204223, -0.19895040568698849, 0.041093205155124449, 1, 0.014952805633625502, 
1.1574128466432898, -0.039705911261267907, -0.11836053422663062, -0.034393984908472751, -0.19744164050864563, 0.044475917898956774, 1, 0.014952805633625502, 
1.1568798369725117, -0.042646200290585613, -0.11767026624317876, -0.036893085079312139, -0.19581458641013832, 0.047848551979919426, 1, 0.014952805633625502, 
1.1563096971609299, -0.045561279271761117, -0.11692964826118242, -0.03935992877868532, -0.1940697847607033, 0.051210305658779078, 1, 0.014952805633625502, 
1.1557029259433171, -0.048449391811642581, -0.11613884900748453, -0.041792324778627564, -0.19220781141920637, 0.054560370679354209, 1, 0.014952805633625502, 
1.1550600546509371, -0.051308790378376483, -0.11529804934765925, -0.04418810461621029, -0.19022927556075889, 0.057897931571875429, 1, 0.014952805633625502, 
1.1543816468611019, -0.054137736790360484, -0.11440744239939045, -0.046545123931715338, -0.18813481843194124, 0.06122216490670674, 1, 0.014952805633625502, 
1.1536682980269399, -0.056934502686059991, -0.11346723365740521, -0.048861263777384228, -0.18592511203631892, 0.064532238494426047, 1, 0.014952805633625502, 
1.1529206350878161, -0.059697369973659251, -0.11247764113079523, -0.051134431896545464, -0.18360085775198823, 0.067827310528089643, 1, 0.014952805633625502, 
1.1521393160608455, -0.062424631259543645, -0.11143889549362314, -0.053362563973216093, -0.18116278488293397, 0.071106528663308383, 1, 0.014952805633625502, 
1.1513250296139408, -0.065114590254637353, -0.11035124024977784, -0.055543624852584364, -0.17861164914602445, 0.074369029031541412, 1, 0.014952805633625502, 
1.1504784946208242, -0.067765562157647591, -0.10921493191311292, -0.0576756097331085, -0.17594823109550894, 0.077613935181762225, 1, 0.014952805633625502, 
1.1496004596984186, -0.070375874014295431, -0.10803024020397763, -0.059756545331313374, -0.17317333448692432, 0.080840356945371672, 1, 0.014952805633625502, 
1.1486917027270185, -0.072943865051641438, -0.10679744826332795, -0.061784491020732926, -0.17028778458236243, 0.084047389218917329, 1, 0.014952805633625502, 
1.147753030353611, -0.075467886986644306, -0.10551685288568988, -0.063757539946832933, -0.1672924263990993, 0.087234110658828357, 1, 0.014952805633625502, 
1.1467852774786924, -0.07794630430812112, -0.10418876477233611, -0.065673820120157017, -0.16418812290364934, 0.09039958228198447, 1, 0.014952805633625502, 
1.1457893067268858, -0.080377494531308644, -0.10281350880613314, -0.067531495490370935, -0.16097575315338233, 0.093542845965504356, 1, 0.014952805633625502, 
1.1447660079016224, -0.082759848424258597, -0.10139142434961795, -0.069328767004337294, -0.15765621038793504, 0.096662922838660056, 1, 0.014952805633625502, 
1.1437162974240977, -0.085091770205333303, -0.099922865567973917, -0.071063873651837778, -0.15423040007276934, 0.099758811559294031, 1, 0.014952805633625502, 
1.1426411177566593, -0.087371677711104656, -0.098408201778693249, -0.072735093503074388, -0.15069923789737943, 0.10282948646653332, 1, 0.014952805633625502, 
1.1415414368107129, -0.089598002533998425, -0.096847817829841129, -0.074340744742628695, -0.14706364773084044, 0.10587389560095434, 1, 0.014952805633625502, 
1.1404182473391635, -0.091769190129067313, -0.095242114508973949, -0.075879186705140683, -0.14332455953762846, 0.10889095858265017, 1, 0.014952805633625502, 
1.1392725663133187, -0.093883699889322547, -0.093591508984912489, -0.077348820918591202, -0.13948290725693752, 0.11187956433688417, 1, 0.014952805633625502, 
1.1381054342840962, -0.095940005189104546, -0.091896435284731501, -0.078748092161736283, -0.13553962664908228, 0.11483856865617594, 1, 0.014952805633625502, 
1.1369179147272697, -0.097936593395029914, -0.090157344808500364, -0.080075489542953127, -0.13149565311302105, 0.11776679158675384, 1, 0.014952805633625502, 
1.1357110933723724, -0.099871965844116659, -0.088374706884497389, -0.081329547608520389, -0.12735191947957583, 0.12066301462631786, 1, 0.014952805633625502, 
1.1344860775147543, -0.10174463778876211, -0.086549009367823532, -0.082508847489173143, -0.12310935378558087, 0.12352597771898435, 1, 0.014952805633625502, 
1.1332439953101487, -0.1035531383083326, -0.084680759285560875, -0.083612018094652088, -0.11876887703497899, 0.12635437603212543, 1, 0.014952805633625502, 
1.1319859950509537, -0.10529601018722036, -0.082770483531859354, -0.084637737366910742, -0.11433140095382743, 0.12914685649856925, 1, 0.014952805633625502, 
1.1307132444232619, -0.10697180975933548, -0.080818729616591908, -0.085584733603660215, -0.10979782574729594, 0.1319020141062878, 1, 0.014952805633625502, 
1.1294269297434967, -0.10857910671913139, -0.078826066471496536, -0.086451786865022459, -0.10516903786806993, 0.13461838791626757, 1, 0.014952805633625502, 
1.1281282551733058, -0.11011648389941418, -0.076793085318023313, -0.087237730477236888, -0.10044590780714263, 0.13729445678773361, 1, 0.014952805633625502, 
1.1268184419111535, -0.11158253701636431, -0.07472040060142808, -0.087941452648624949, -0.09562928791982829, 0.13992863478828038, 1, 0.014952805633625502, 
1.125498727358804, -0.11297587438240625, -0.072608650996002611, -0.08856189821436905, -0.090720010301998416, 0.14251926626475875, 1, 0.014952805633625502, 
1.1241703642606447, -0.11429511658780504, -0.07045850048670578, -0.089098070528109821, -0.085718884734080542, 0.14506462054898184, 1, 0.014952805633625502, 
1.1228346198135046, -0.11553889615215217, -0.068270639532861388, -0.089549033519911364, -0.080626696713321108, 0.14756288627045552, 1, 0.014952805633625502, 
1.1214927747443264, -0.11670585714723491, -0.066045786320018535, -0.089913913941790949, -0.075444205598260788, 0.15001216524642544, 1, 0.014952805633625502, 
1.1201461223527167, -0.11779465479317083, -0.063784688106529167, -0.090191903823757288, -0.070172142893373729, 0.15241046591758325, 1, 0.014952805633625502, 
1.1187959675150443, -0.11880395503014064, -0.06148812267188531, -0.090382263165146637, -0.064811210706460634, 0.15475569629581748, 1, 0.014952805633625502, 
1.1174436256463725, -0.11973243406857896, -0.059156899874375495, -0.090484322887983984, -0.05936208041674771, 0.15704565638846626, 1, 0.014952805633625502, 
1.1160904216160916, -0.12057877792129582, -0.056791863326165738, -0.090497488081117045, -0.053825391597831493, 0.15927803006167854, 1, 0.014952805633625502, 
1.1147376886126792, -0.12134168192171275, -0.054393892194482173, -0.090421241565958418, -0.048201751246732587, 0.16145037630377793, 1, 0.014952805633625502, 
1.1133867669525335, -0.12201985023322476, -0.051963903138168815, -0.09025514781680373, -0.042491733378506681, 0.16356011984802898, 1, 0.014952805633625502, 
1.1120390028273186, -0.12261199535565585, -0.049502852389510417, -0.089998857270840366, -0.036695879055244275, 0.16560454111302716, 1, 0.014952805633625502, 
1.1106957469837184, -0.12311683763588453, -0.047011737991841052, -0.08965211106508153, -0.030814696929023652, 0.167580765418195, 1, 0.014952805633625502, 
1.1093583533289255, -0.12353310479099416, -0.04449160220409689, -0.089214746239496767, -0.024848664390629303, 0.16948575143172295, 1, 0.014952805633625502, 
1.1080281774545881, -0.12385953145377825, -0.041943534084105831, -0.088686701447495367, -0.018798229429787518, 0.17131627880893199, 1, 0.014952805633625502, 
1.1067065750713094, -0.12409485875212785, -0.039368672263024006, -0.088068023216557018, -0.012663813328491463, 0.17306893498069098, 1, 0.014952805633625502, 
1.1053949003451453, -0.12423783393577725, -0.036768207923912555, -0.087358872803083576, -0.0064458143268871712, 0.17474010105448054, 1, 0.014952805633625502, 
1.1040945041268828, -0.12428721006611736, -0.03414338799797529, -0.08655953368631604, -0.0001446124213728959, 0.17632593679530156, 1, 0.014952805633625502, 
1.1028067320642052, -0.12424174578733954, -0.031495518592421272, -0.085670419746245494, 0.0062394245227730787, 0.17782236466029983, 1, 0.014952805633625502, 
1.1015329225861825, -0.12410020520008547, -0.028825968664241409, -0.084692084169616891, 0.012705933136584798, 0.17922505287022567, 1, 0.014952805633625502, 
1.1002744047488873, -0.12386135786208961, -0.026136173954352283, -0.083625229126108092, 0.019254545154592944, 0.18052939751326624, 1, 0.014952805633625502, 
1.0990324959303226, -0.12352397894405703, -0.023427641196510297, -0.082470716253227577, 0.025884875997026442, 0.18173050369310145, 1, 0.014952805633625502, 
1.0978084993623141, -0.12308684957326263, -0.020701952615071351, -0.081229577983007839, 0.032596511025875664, 0.18282316575408483, 1, 0.014952805633625502, 
1.096603701486579, -0.12254875740213575, -0.017960770724986721, -0.079903029735693784, 0.039388989136471514, 0.18380184664323762, 1, 0.014952805633625502, 
1.0954193691218883, -0.12190849744444886, -0.015205843446290904, -0.078492482994759194, 0.046261783306193585, 0.18466065650242069, 1, 0.014952805633625502, 
1.0942567464291191, -0.12116487322770263, -0.012439009543639072, -0.076999559263050465, 0.053214277679367525, 0.18539333062595414, 1, 0.014952805633625502, 
1.0931170516611439, -0.12031669831692442, -0.0096622043990560146, -0.075426104880864916, 0.060245740722928598, 0.18599320697060953, 1, 0.014952805633625502, 
1.0920014736849566, -0.11936279827239628, -0.0068774661228069231, -0.073774206662406513, 0.067355293941922745, 0.18645320346802083, 1, 0.014952805633625502, 
1.0909111682643113, -0.11830201311180771, -0.0040869420030075826, -0.072046208276289728, 0.074541875598713656, 0.18676579546604671, 1, 0.014952805633625502, 
1.0898472540925417, -0.11713320035597022, -0.0012928952890422978, -0.070244727257422965, 0.08180419883673086, 0.18692299371753188, 1, 0.014952805633625502, 
1.0888108085672425, -0.11585523874648365, 0.0015022877031946233, -0.068372672490427167, 0.08914070357127292, 0.18691632344443601, 1, 0.014952805633625502, 
1.0878028633013175, -0.11446703273351574, 0.004296090185053501, -0.066433261947382985, 0.096549501479658989, 0.18673680513464361, 1, 0.014952805633625502, 
1.0868243993686277, -0.11296751784199091, 0.0070858572196310149, -0.064430040393763904, 0.10402831340531606, 0.18637493788006582, 1, 0.014952805633625502, 
1.0858763422873632, -0.11135566703475702, 0.0098687878221395912, -0.062366896694555793, 0.11157439849084527, 0.18582068623976866, 1, 0.014952805633625502, 
1.0849595567504522, -0.10963049820138464, 0.012641926897440179, -0.060248080256589155, 0.11918447438081875, 0.18506347181215549, 1, 0.014952805633625502, 
1.0840748411200776, -0.10779108291071354, 0.015402157095396142, -0.058078216032130404, 0.12685462789475616, 0.18409217092618069, 1, 0.014952805633625502, 
1.0832229217128886, -0.10583655657350943, 0.018146190687634175, -0.055862317382429201, 0.13458021567497702, 0.18289512011232337, 1, 0.014952805633625502, 
1.0824044469140204, -0.10376613016787387, 0.020870561596145303, -0.053605795958649213, 0.14235575447529886, 0.181460131286827, 1, 0.014952805633625502, 
1.0816199811717799, -0.10157910368340421, 0.023571617735217723, -0.051314467603044665, 0.15017480098922911, 0.1797745188720592, 1, 0.014952805633625502, 
1.0808699989409776, -0.099274881439341822, 0.026245513863648689, -0.048994553108645061, 0.15802982143644073, 0.1778251413727277, 1, 0.014952805633625502, 
1.0801548786615269, -0.096852989425640509, 0.028888205184051843, -0.046652672506507419, 0.16591205155114255, 0.17559846021844278, 1, 0.014952805633625502, 
1.079474896880082, -0.094313094802336961, 0.031495441970130308, -0.044295831384011004, 0.17381134816293087, 0.17308061894828455, 1, 0.014952805633625502, 
1.07883022264601, -0.091655027669859626, 0.034062765550453449, -0.041931397587366602, 0.18171603424607782, 0.17025754602619494, 1, 0.014952805633625502, 
1.0782209123385655, -0.088878805188800869, 0.036585506027532209, -0.039567066542225589, 0.18961274014985177, 0.16711508470268827, 1, 0.014952805633625502, 
1.077646905109126, -0.085984658079879317, 0.039058782162228162, -0.037210813358321569, 0.19748624471689546, 0.16363915333528964, 1, 0.014952805633625502, 
1.0771080191498215, -0.082973059470985669, 0.041477503903435735, -0.034870829892591992, 0.20531932114520163, 0.15981593939506158, 1, 0.014952805633625502, 
1.0766039490264872, -0.079844755976152801, 0.043836378088382755, -0.032555445059929612, 0.21309259373309616, 0.1556321299593566, 1, 0.014952805633625502, 
1.0761342643377387, -0.0766008007892576, 0.046129917875693996, -0.030273026934943111, 0.22078441302660484, 0.15107518075575305, 1, 0.014952805633625502, 
1.075698409980788, -0.073242588452266402, 0.048352456496447815, -0.028031865616859164, 0.22837075829900694, 0.14613362471217659, 1, 0.014952805633625502, 
1.075295708315505, -0.069771890814108131, 0.050498165911757022, -0.025840036466339911, 0.23582517763585586, 0.14079741942276564, 1, 0.014952805633625502, 
1.0749253635178682, -0.066190893533748768, 0.052561080942049761, -0.023705244194462231, 0.24311877704225521, 0.13505833091366048, 1, 0.014952805633625502, 
1.0745864683987034, -0.062502232303960209, 0.054535129375879419, -0.021634649404521623, 0.2502202707634455, 0.12891034857255534, 1, 0.014952805633625502, 
1.0742780139297721, -0.058709027787615393, 0.056414168467511613, -0.019634680550211, 0.25709610521370391, 0.12235012312059956, 1, 0.014952805633625502, 
1.0739989016634428, -0.054814918076267607, 0.058192028086368683, -0.017710835843535971, 0.26371066832095041, 0.11537741614682995, 1, 0.014952805633625502, 
1.0737479591517598, -0.050824087314789546, 0.059862560583235053, -0.015867481349943754, 0.27002659449448452, 0.10799554616241785, 1, 0.014952805633625502, 
1.073523958364502, -0.046741289002574862, 0.0614196971866817, -0.014107653231148896, 0.2760051726209985, 0.1002118126201367, 1, 0.014952805633625502, 
1.0733256369746818, -0.042571862400231336, 0.062857510441675923, -0.012432873678686316, 0.28160686036960436, 0.092037876226187212, 1, 0.014952805633625502, 
1.0731517222273612, -0.03832174046079688, 0.064170281859719, -0.010842991325936248, 0.28679190263515036, 0.083490071562073512, 1, 0.014952805633625502, 
1.0730009569404051, -0.033997447785205477, 0.065352573581572468, -0.0093360576129254674, 0.29152104532416673, 0.074589626988389057, 1, 0.014952805633625502, 
1.0728721270137804, -0.029606087288237128, 0.066399302481944658, -0.0079082504884879067, 0.29575632823444986, 0.065362767461358579, 1, 0.014952805633625502, 
1.0727640896603423, -0.02515531456204578, 0.067305814798728325, -0.0065538557865277873, 0.29946193304506513, 0.055840678613888438, 1, 0.014952805633625502, 
1.0726758014309157, -0.020653299338524861, 0.068067959080037405, -0.0052653145008019868, 0.30260505514627095, 0.046059315428927869, 1, 0.014952805633625502, 
1.0726063450059533, -0.016108673966326682, 0.068682155044102439, -0.0040333410125063494, 0.30515676204451325, 0.03605904601829181, 1, 0.014952805633625502, 
1.0725549536799959, -0.011530469407463656, 0.069145455870942382, -0.0028471132439322174, 0.30709279723825561, 0.025884130076943613, 1, 0.014952805633625502, 
1.0725210324851924, -0.0069280398840492145, 0.069455601514184923, -0.0016945310144659321, 0.30839428752271991, 0.01558204186885993, 1, 0.014952805633625502, 
1.0725041749924447, -0.0023109779204186789, 0.069611060848349102, -0.00056253398661804783, 0.30904831413740391, 0.0052026582106419429, 1, 0.014952805633625502, 
1.0725041749924187, 0.0023109779225406911, 0.069611060848299267, 0.00056253398315465051, 0.30904831413731293, -0.0052026582173075623, 1, 0.014952805633625502, 
1.0725210324851144, 0.0069280398861685088, 0.0694556015140355, 0.0016945310109979317, 0.30839428752244746, -0.015582041875514438, 1, 0.014952805633625502, 
1.072554953679866, 0.011530469409577528, 0.069145455870693609, 0.0028471132404550097, 0.30709279723780297, -0.025884130083576012, 1, 0.014952805633625502, 
1.0726063450057715, 0.016108673968432449, 0.068682155043754731, 0.0040333410090153997, 0.30515676204388253, -0.036059046024891184, 1, 0.014952805633625502, 
1.0726758014306812, 0.020653299340619886, 0.068067959079591331, 0.0052653144972927635, 0.30260505514546526, -0.04605931543548359, 1, 0.014952805633625502, 
1.0727640896600554, 0.025155314564127472, 0.067305814798184607, 0.0065538557829957602, 0.29946193304408819, -0.055840678620390265, 1, 0.014952805633625502, 
1.0728721270134405, 0.029606087290302962, 0.06639930248130417, 0.0079082504849286063, 0.29575632823330616, -0.065362767467796609, 1, 0.014952805633625502, 
1.0730009569400114, 0.033997447787252999, 0.065352573580836237, 0.0093360576093344336, 0.29152104532286144, -0.074589626994753896, 1, 0.014952805633625502, 
1.0731517222269136, 0.038321740462823717, 0.064170281858888178, 0.010842991322309085, 0.28679190263368926, -0.08349007156835625, 1, 0.014952805633625502, 
1.0733256369741797, 0.042571862402235199, 0.062857510440751829, 0.012432873675018686, 0.28160686036799376, -0.09203787623237944, 1, 0.014952805633625502, 
1.0735239583639449, 0.046741289004553557, 0.061419697185665749, 0.014107653227436496, 0.27600517261924506, -0.10021181262623063, 1, 0.014952805633625502, 
1.0737479591511465, 0.050824087316740992, 0.059862560582128764, 0.015867481346182349, 0.27002659449259536, -0.10799554616840626, 1, 0.014952805633625502, 
1.0739989016627729, 0.054814918078189841, 0.05819202808517368, 0.01771083583972136, 0.26371066831893292, -0.11537741615270621, 1, 0.014952805633625502, 
1.0742780139290444, 0.058709027789506547, 0.056414168466229625, 0.019634680546339031, 0.25709610521156573, -0.12235012312635761, 1, 0.014952805633625502, 
1.0745864683979172, 0.062502232305818542, 0.054535129374512263, 0.021634649400588232, 0.25022027076119435, -0.1289103485781897, 1, 0.014952805633625502, 
1.0749253635170224, 0.066190893535572642, 0.05256108094059931, 0.023705244190463406, 0.24311877703989912, -0.13505833091916622, 1, 0.014952805633625502, 
1.0752957083145991, 0.069771890815896048, 0.05049816591022524, 0.025840036462271718, 0.23582517763340277, -0.14079741942813831, 1, 0.014952805633625502, 
1.075698409979821, 0.073242588454016974, 0.048352456494836729, 0.028031865612717775, 0.22837075829646494, -0.14613362471741217, 1, 0.014952805633625502, 
1.0761342643367091, 0.076600800790969537, 0.046129917874005673, 0.030273026930724759, 0.22078441302398194, -0.15107518076084811, 1, 0.014952805633625502, 
1.0766039490253938, 0.079844755977824963, 0.043836378086619311, 0.032555445055630558, 0.21309259373040029, -0.15563212996430809, 1, 0.014952805633625502, 
1.0771080191486633, 0.082973059472617017, 0.041477503901599343, 0.03487082988820861, 0.20531932114244061, -0.1598159393998668, 1, 0.014952805633625502, 
1.0776469051079016, 0.085984658081468948, 0.039058782160321028, 0.037210813353850292, 0.19748624471407705, -0.16363915333994625, 1, 0.014952805633625502, 
1.0782209123372737, 0.088878805190347965, 0.036585506025556561, 0.039567066537662912, 0.18961274014698354, -0.1671150847071943, 1, 0.014952805633625502, 
1.0788302226446491, 0.091655027671363506, 0.034062765548411561, 0.041931397582709057, 0.18171603424316721, -0.17025754603054868, 1, 0.014952805633625502, 
1.0794748968786505, 0.094313094803797057, 0.031495441968024472, 0.044295831379255267, 0.17381134815998514, -0.17308061895248456, 1, 0.014952805633625502, 
1.0801548786600237, 0.096852989427056321, 0.028888205181884362, 0.046652672501650186, 0.16591205154816879, -0.17559846022248782, 1, 0.014952805633625502, 
1.0808699989394008, 0.099274881440713017, 0.026245513861421883, 0.048994553103683093, 0.15802982143344582, -0.17782514137661681, 1, 0.014952805633625502, 
1.0816199811701279, 0.10157910368473051, 0.023571617732933939, 0.05131446759797479, 0.1501748009862198, -0.17977451887579149, 1, 0.014952805633625502, 
1.0824044469122918, 0.1037661301691551, 0.020870561593806888, 0.053605795953468344, 0.14235575447228169, -0.18146013129040175, 1, 0.014952805633625502, 
1.0832229217110816, 0.10583655657474554, 0.018146190685243493, 0.055862317377134318, 0.13458021567195844, -0.18289512011573994, 1, 0.014952805633625502, 
1.0840748411181906, 0.10779108291190455, 0.015402157092955561, 0.058078216026718525, 0.12685462789174234, -0.18409217092943861, 1, 0.014952805633625502, 
1.0849595567484833, 0.10963049820253065, 0.012641926894952074, 0.060248080251057365, 0.11918447437781576, -0.18506347181525432, 1, 0.014952805633625502, 
1.0858763422853108, 0.11135566703585824, 0.0098687878196063433, 0.062366896688901226, 0.11157439848785899, -0.18582068624270806, 1, 0.014952805633625502, 
1.0868243993664899, 0.11296751784304762, 0.0070858572170550086, 0.064430040387983736, 0.10402831340235222, -0.18637493788284545, 1, 0.014952805633625502, 
1.0878028632990924, 0.11446703273452832, 0.0042960901824371286, 0.066433261941474447, 0.096549501476723185, -0.18673680513726315, 1, 0.014952805633625502, 
1.0888108085649282, 0.11585523874745259, 0.0015022877005402805, 0.068372672484387526, 0.089140703568370588, -0.18691632344689521, 1, 0.014952805633625502, 
1.0898472540901358, 0.11713320035689605, -0.001292895291732212, 0.070244727251249556, 0.081804198833867303, -0.18692299371983045, 1, 0.014952805633625502, 
1.0909111682618122, 0.11830201311269103, -0.0040869420057306639, 0.0720462082699799, 0.07454187559589405, -0.18676579546818439, 1, 0.014952805633625502, 
1.092001473682362, 0.1193627982732378, -0.0068774661255607628, 0.073774206655957617, 0.067355293939152169, -0.1864532034699973, 1, 0.014952805633625502, 
1.0931170516584519, 0.12031669831772492, -0.0096622044018382022, 0.075426104874274341, 0.060245740720212, -0.18599320697242447, 1, 0.014952805633625502, 
1.0942567464263273, 0.12116487322846294, -0.012439009546447187, 0.076999559256315644, 0.053214277676709755, -0.18539333062760724, 1, 0.014952805633625502, 
1.0954193691189948, 0.12190849744516989, -0.015205843449122524, 0.078492482987877574, 0.04626178330359941, -0.18466065650391153, 1, 0.014952805633625502, 
1.0966037014835814, 0.1225487574028185, -0.017960770727839418, 0.079903029728662839, 0.039388989133945604, -0.18380184664456578, 1, 0.014952805633625502, 
1.0978084993592101, 0.12308684957390816, -0.020701952617942693, 0.081229577975825015, 0.032596511023422627, -0.18282316575524979, 1, 0.014952805633625502, 
1.0990324959271103, 0.12352397894466645, -0.023427641199397834, 0.082470716245890349, 0.025884875994650797, -0.18173050369410268, 1, 0.014952805633625502, 
1.1002744047455639, 0.12386135786266411, -0.026136173957253567, 0.08362522911861392, 0.019254545152299168, -0.18052939751410313, 1, 0.014952805633625502, 
1.1015329225827457, 0.12410020520062631, -0.028825968667153971, 0.084692084161963235, 0.0127059331343773, -0.17922505287089749, 1, 0.014952805633625502, 
1.1028067320606527, 0.12424174578784805, -0.031495518595342636, 0.085670419738429815, 0.0062394245206562216, -0.17782236466080584, 1, 0.014952805633625502, 
1.1040945041232124, 0.12428721006659493, -0.034143388000902976, 0.086559533678335771, -0.00014461242339476425, -0.1763259367956409, 1, 0.014952805633625502, 
1.1053949003413541, 0.12423783393622535, -0.036768207926844064, 0.087358872794936149, -0.0064458143288097436, -0.17474010105465226, 1, 0.014952805633625502, 
1.1067065750673954, 0.12409485875254796, -0.039368672265956826, 0.088068023208239837, -0.012663813330310445, -0.17306893498069406, 1, 0.014952805633625502, 
1.1080281774505487, 0.12385953145417197, -0.04194353408703743, 0.088686701439005783, -0.018798229431498639, -0.1713162788087654, 1, 0.014952805633625502, 
1.1093583533247575, 0.12353310479136315, -0.044491602207024715, 0.089214746230832156, -0.024848664392228298, -0.16948575143138547, 1, 0.014952805633625502, 
1.1106957469794194, 0.12311683763623046, -0.047011737994762541, 0.089652111056239145, -0.030814696930506275, -0.1675807654176853, 1, 0.014952805633625502, 
1.1120390028228861, 0.12261199535598048, -0.04950285239242299, 0.089998857261817486, -0.036695879056606248, -0.16560454111234388, 1, 0.014952805633625502, 
1.1133867669479649, 0.12201985023352994, -0.051963903141069863, 0.090255147807597552, -0.042491733379743712, -0.16356011984717062, 1, 0.014952805633625502, 
1.1147376886079716, 0.1213416819220004, -0.054393892197369065, 0.09042124155656614, -0.04820175124784036, -0.16145037630274287, 1, 0.014952805633625502, 
1.1160904216112419, 0.12057877792156788, -0.056791863329035817, 0.090497488071535723, -0.053825391598805672, -0.15927803006046512, 1, 0.014952805633625502, 
1.117443625641378, 0.11973243406883748, -0.059156899877226082, 0.090484322878210663, -0.05936208041758391, -0.15704565638707266, 1, 0.014952805633625502, 
1.1187959675099024, 0.1188039550303877, -0.061488122674713708, 0.090382263155178277, -0.064811210707154412, -0.15475569629424174, 1, 0.014952805633625502, 
1.1201461223474243, 0.11779465479340862, -0.063784688109332632, 0.090191903813590782, -0.070172142893920611, -0.1524104659158233, 1, 0.014952805633625502, 
1.1214927747388805, 0.11670585714746563, -0.066045786322794287, 0.089913913931423145, -0.075444205598656208, -0.15001216524447913, 1, 0.014952805633625502, 
1.122834619807902, 0.11553889615237814, -0.068270639535606636, 0.089549033509339016, -0.080626696713560431, -0.14756288626832056, 1, 0.014952805633625502, 
1.1241703642548824, 0.11429511658802864, -0.07045850048941768, 0.089098070517329583, -0.085718884734159048, -0.14506462054665581, 1, 0.014952805633625502, 
1.1254987273528789, 0.1129758743826299, -0.072608650998678276, 0.088561898203377468, -0.090720010301911305, -0.14251926626223904, 1, 0.014952805633625502, 
1.1268184419050624, 0.11158253701659053, -0.074720400604064596, 0.087941452637418524, -0.095629287919570635, -0.13992863478556433, 1, 0.014952805633625502, 
1.1281282551670457, 0.11011648389964557, -0.076793085320617752, 0.087237730465812, -0.10044590780670941, -0.13729445678481841, 1, 0.014952805633625502, 
1.1294269297370638, 0.10857910671937059, -0.078826066474045886, 0.086451786853375373, -0.105169037867456, -0.13461838791315028, 1, 0.014952805633625502, 
1.1307132444166532, 0.10697180975958523, -0.080818729619093116, 0.085584733591787115, -0.10979782574649603, -0.13190201410296529, 1, 0.014952805633625502, 
1.131985995044166, 0.10529601018748348, -0.082770483534309325, 0.084637737354807702, -0.1143314009528361, -0.12914685649503824, 1, 0.014952805633625502, 
1.1332439953031783, 0.10355313830861201, -0.084680759287956472, 0.08361201808231504, -0.11876887703379065, -0.12635437602838254, 1, 0.014952805633625502, 
1.1344860775075976, 0.10174463778906082, -0.08654900937016155, 0.082508847476597952, -0.12310935378418979, -0.12352597771502603, 1, 0.014952805633625502, 
1.1357110933650261, 0.099871965844437721, -0.088374706886774596, 0.081329547595702739, -0.12735191947797608, -0.12066301462214041, 1, 0.014952805633625502, 
1.1369179147197299, 0.097936593395376498, -0.090157344810713441, 0.080075489529888633, -0.13149565311120648, -0.11776679158235336, 1, 0.014952805633625502, 
1.138105434276359, 0.095940005189479899, -0.09189643528687709, 0.078748092148420393, -0.13553962664704658, -0.11483856865154841, 1, 0.014952805633625502, 
1.1392725663053804, 0.093883699889730041, -0.093591508986987149, 0.077348820905019239, -0.13948290725467419, -0.11187956433202541, 1, 0.014952805633625502, 
1.1404182473310205, 0.091769190129510389, -0.09524211451097421, 0.075879186691307818, -0.14332455953513065, -0.10889095857755579, 1, 0.014952805633625502, 
1.1415414368023611, 0.089598002534480636, -0.096847817831763425, 0.074340744728529987, -0.14706364772810115, -0.1058738955956198, 1, 0.014952805633625502, 
1.1426411177480944, 0.087371677711629667, -0.098408201780533944, 0.072735093488704744, -0.15069923789439141, -0.1028294864609539, 1, 0.014952805633625502, 
1.1437162974153161, 0.085091770205904901, -0.099922865569729305, 0.071063873637191965, -0.15423040006952499, -0.099758811553464832, 1, 0.014952805633625502, 
1.1447660078926198, 0.082759848424880683, -0.10139142435128429, 0.069328766989409957, -0.15765621038442654, -0.096662922832575993, 1, 0.014952805633625502, 
1.1457893067176579, 0.0803774945319852, -0.10281350880770657, 0.067531495475156522, -0.16097575314960152, -0.093542845959160181, 1, 0.014952805633625502, 
1.1467852774692346, 0.077946304308856296, -0.10418876477381271, 0.065673820104649866, -0.16418812289958776, -0.090399582275374701, 1, 0.014952805633625502, 
1.1477530303439192, 0.075467886987442376, -0.10551685288706562, 0.063757539931027229, -0.16729242639474812, -0.087234110651947347, 1, 0.014952805633625502, 
1.148691702717088, 0.072943865052506787, -0.10679744826459875, 0.061784491004622681, -0.17028778457771246, -0.084047389211759235, 1, 0.014952805633625502, 
1.1496004596882448, 0.070375874015232612, -0.10803024020513929, 0.059756545314892454, -0.17317333448196598, -0.080840356937930458, 1, 0.014952805633625502, 
1.1504784946104021, 0.06776556215866128, -0.10921493191416116, 0.057675609716370611, -0.17594823109023225, -0.077613935174031631, 1, 0.014952805633625502, 
1.1513250296032658, 0.06511459025573238, -0.11035124025070829, 0.055543624835523032, -0.1786116491404191, -0.074369029023514971, 1, 0.014952805633625502, 
1.1521393160499127, 0.062424631260725033, -0.11143889549443133, 0.05336256395582472, -0.18116278487698914, -0.071106528654979434, 1, 0.014952805633625502, 
1.1529206350766208, 0.059697369974932135, -0.11247764113147656, 0.051134431878817312, -0.18360085774569268, -0.067827310519451317, 1, 0.014952805633625502, 
1.1536682980154769, 0.056934502687429715, -0.11346723365795504, 0.048861263759312386, -0.18592511202966094, -0.06453223848547128, 1, 0.014952805633625502, 
1.1543816468493659, 0.05413773679183255, -0.11440744239980397, 0.046545123913292748, -0.18813481842490856, -0.061222164897428218, 1, 0.014952805633625502, 
1.1550600546389231, 0.051308790379956594, -0.11529804934793154, 0.044188104597429737, -0.19022927555333877, -0.05789793156226563, 1, 0.014952805633625502, 
1.1557029259310196, 0.048449391813336629, -0.1161388490076106, 0.041792324759481678, -0.19220781141138552, -0.054560370669405382, 1, 0.014952805633625502, 
1.1563096971483433, 0.0455612792735752, -0.11692964826115713, 0.039359928759166593, -0.19406978475246786, -0.051210305648483265, 1, 0.014952805633625502, 
1.1568798369596305, 0.042646200292526026, -0.11767026624299688, 0.036893085059412918, -0.19581458640147384, -0.047848551969268446, 1, 0.014952805633625502, 
1.1574128466301081, 0.039705911263341179, -0.11836053422628676, 0.034393984888185229, -0.19744164049953702, -0.044475917887942196, 1, 0.014952805633625502, 
1.1579082603517099, 0.036742176933437051, -0.11900029552031928, 0.031864840871358463, -0.19895040567742009, -0.04109320514373762, 1, 0.014952805633625502, 
1.1583656455526377, 0.033756769880458913, -0.11958940537799656, 0.029307885637374298, -0.20034037615587613, -0.037701209609789899, 1, 0.014952805633625502, 
1.1587846031858524, 0.030751469972347716, -0.12012773091271743, 0.026725370394656604, -0.20161108277142409, -0.034300721901913037, 1, 0.014952805633625502, 
1.1591647679960988, 0.027728063812635644, -0.12061515102407519, 0.024119563482990367, -0.20276209392604483, -0.030892527948903192, 1, 0.014952805633625502, 
1.1595058087650831, 0.024688344172118706, -0.12105155633181737, 0.021492748900279381, -0.20379301645938613, -0.02747740952786816, 1, 0.014952805633625502, 
1.1598074285344455, 0.021634109408075076, -0.12143684911756993, 0.018847224806292032, -0.20470349644215222, -0.024056144767995665, 1, 0.014952805633625502, 
1.1600693648062006, 0.018567162872216995, -0.12177094327387909, 0.016185302005182485, -0.20549321988945082, -0.020629508626099188, 1, 0.014952805633625502, 
1.1602913897203397, 0.015489312308581639, -0.12205376426017339, 0.013509302408735248, -0.20616191339297449, -0.017198273337217084, 1, 0.014952805633625502, 
1.1604733102093228, 0.012402369242582294, -0.12228524906529702, 0.010821557482424814, -0.2067093446710061, -0.013763208843487487, 1, 0.014952805633625502, 
1.1606149681292213, 0.009308148362455396, -0.12246534617631349, 0.0081244066765085426, -0.20713532303535678, -0.010325083204477607, 1, 0.014952805633625502, 
1.1607162403673017, 0.0062084668943514724, -0.12259401555332575, 0.0054201958444797561, -0.20743969977447127, -0.0068846629921098541, 1, 0.014952805633625502, 
1.1607770389258842, 0.0031051439723283536, -0.12267122861010583, 0.0027112756512991053, -0.20762236845206564, -0.0034427136732983104, 1, 0.014952805633625502, 
1.1607973109823349, 4.5136372937848446e-12, -0.12269696820037347, -2.6104557751538415e-11, -0.20768326512079921, 1.6613193459802389e-11, 1, 0.014952805633625502, 
Arrival orbit
220, 8
x [LU], y [LU], z [LU], vx [VU], vy [VU], vz [VU], mass [MASSU], dt [TU], 
0.84871015300008812, 0, 0.17388998538319206, 0, 0.26350093896218163, 0, 0.5, 0.011757169291402466, 
0.84872904840130348, 0.0030977658187425535, 0.17385923894787395, 0.0032141683021628675, 0.2634347681993891, -0.0052301320699011302, 0.5, 0.011757169291402466, 
0.84878572691533127, 0.0061939757395208421, 0.17376700757600289, 0.0064270285041120477, 0.2632362721772632, -0.010458914588884347, 0.5, 0.011757169291402466, 
0.84888016547140122, 0.0092870742466218646, 0.17361331506222416, 0.0096372721797275476, 0.26290549963360471, -0.01568499929916391, 0.5, 0.011757169291402466, 
0.84901232561184281, 0.012375506587401979, 0.17339820103896436, 0.01284359025100539, 0.26244253159493641, -0.020907040523662712, 0.5, 0.011757169291402466, 
0.84918215348250414, 0.015457719150239531, 0.17312172093857198, 0.016044672661929927, 0.26184748107190814, -0.026123696442480894, 0.5, 0.011757169291402466, 
0.84938957981933494, 0.018532159838191273, 0.172783945940543, 0.019239208052103218, 0.26112049263310666, -0.031333630352711167, 0.5, 0.011757169291402466, 
0.84963451993113048, 0.021597278436924307, 0.17238496290405958, 0.02242588343001687, 0.26026174185750267, -0.036535511906064903, 0.5, 0.011757169291402466, 
0.84991687367843116, 0.024651526975498314, 0.1719248742861354, 0.025603383845823224, 0.25927143466582148, -0.041728018318784532, 0.5, 0.011757169291402466, 
0.85023652544857131, 0.027693360078576403, 0.1714037980457255, 0.028770392063427182, 0.25814980653116615, -0.046909835548330212, 0.5, 0.011757169291402466, 
0.85059334412686716, 0.030721235308647055, 0.17082186753422432, 0.03192558823167739, 0.25689712156925376, -0.052079659431340686, 0.5, 0.011757169291402466, 
0.85098718306393317, 0.033733613496843978, 0.17017923137283861, 0.035067649554386529, 0.25551367150864096, -0.057236196777378484, 0.5, 0.011757169291402466, 
0.85141788003910912, 0.03672895906095508, 0.16947605331738821, 0.038195249958854358, 0.25399977454131717, -0.062378166412975937, 0.5, 0.011757169291402466, 
0.85188525721998021, 0.03970574030921617, 0.16871251211115046, 0.04130705976250533, 0.25235577405402371, -0.067504300170499035, 0.5, 0.011757169291402466, 
0.85238912111796472, 0.042662429728489, 0.16788880132642989, 0.044401745337183725, 0.25058203724062028, -0.072613343816338535, 0.5, 0.011757169291402466, 
0.85292926253993706, 0.045597504255426725, 0.16700512919559865, 0.04747796877057496, 0.24867895359576039, -0.077704057912918997, 0.5, 0.011757169291402466, 
0.85350545653585153, 0.048509445529232399, 0.16606171843241821, 0.05053438752414096, 0.24664693329005002, -0.082775218608983986, 0.5, 0.011757169291402466, 
0.85411746234232022, 0.051396740124617646, 0.16505880604451856, 0.053569654086871553, 0.2444864054267574, -0.087825618352566026, 0.5, 0.011757169291402466, 
0.85476502332209092, 0.054257879763568551, 0.16399664313797732, 0.056582415624061654, 0.24219781618000089, -0.092854066520979162, 0.5, 0.011757169291402466, 
0.85544786689936292, 0.057091361504524096, 0.16287549471500745, 0.059571313620227079, 0.23978162681417672, -0.097859389962076618, 0.5, 0.011757169291402466, 
0.85616570449086504, 0.059895687907568523, 0.1616956394658321, 0.062534983515169132, 0.23723831158419059, -0.10284043344089118, 0.5, 0.011757169291402466, 
0.85691823143260881, 0.062669367174232507, 0.16045736955589371, 0.065472054332090662, 0.23456835551582661, -0.10779605998561721, 0.5, 0.011757169291402466, 
0.85770512690221712, 0.065410913260488715, 0.15916099040961759, 0.068381148296553437, 0.23177225206532484, -0.11272515112669466, 0.5, 0.011757169291402466, 
0.85852605383671265, 0.068118845961514685, 0.15780682049202457, 0.071260880444949423, 0.22885050065693957, -0.11762660702251197, 0.5, 0.011757169291402466, 
0.85938065884563408, 0.070791690966779577, 0.15639519108956537, 0.074109858221035982, 0.22580360409691655, -0.12249934646494973, 0.5, 0.011757169291402466, 
0.86026857211933105, 0.073427979883990857, 0.15492644609163075, 0.076926681058957988, 0.22263206586195522, -0.12734230675763275, 0.5, 0.011757169291402466, 
0.86118940733226923, 0.076026250230411888, 0.15340094177427832, 0.079709939951047956, 0.21933638725981192, -0.13215444345933858, 0.5, 0.011757169291402466, 
0.86214276154115443, 0.078585045390031097, 0.15181904658780793, 0.082458216998558473, 0.21591706445925007, -0.13693472998451447, 0.5, 0.011757169291402466, 
0.86312821507766568, 0.081102914535027895, 0.15018114094991561, 0.085170084943339899, 0.21237458538605419, -0.14168215705227655, 0.5, 0.011757169291402466, 
0.8641453314355596, 0.083578412509938874, 0.14848761704626198, 0.08784410667833005, 0.20870942648129243, -0.1463957319745893, 0.5, 0.011757169291402466, 
0.86519365715188301, 0.086010099676879115, 0.14673887864040364, 0.090478834734570926, 0.20492204931744157, -0.15107447777354438, 0.5, 0.011757169291402466, 
0.86627272168200586, 0.088396541720119154, 0.14493534089516122, 0.093072810742311621, 0.20101289706737344, -0.15571743211675595, 0.5, 0.011757169291402466, 
0.86738203726815133, 0.090736309408254806, 0.14307743020763133, 0.095624564863594746, 0.19698239082054692, -0.16032364605885771, 0.5, 0.011757169291402466, 
0.86852109880107586, 0.093027978312136925, 0.14116558406019908, 0.098132615193556927, 0.19283092574005281, -0.16489218257590163, 0.5, 0.011757169291402466, 
0.8696893836745101, 0.095270128476648813, 0.13920025089006977, 0.1005954671275015, 0.18855886705342254, -0.16942211487810763, 0.5, 0.011757169291402466, 
0.87088635163194306, 0.097461344044331696, 0.13718188998001898, 0.10301161269062385, 0.18416654586933545, -0.17391252448487265, 0.5, 0.011757169291402466, 
0.87211144460528978, 0.099600212828760873, 0.13511097137325917, 0.10537952982708593, 0.17965425481154865, -0.17836249904419685, 0.5, 0.011757169291402466, 
0.87336408654494424, 0.10168532583546851, 0.13298797581554203, 0.10769768164494732, 0.17502224346052794, -0.18277112987669611, 0.5, 0.011757169291402466, 
0.87464368324067765, 0.10371527672809208, 0.13081339472786258, 0.10996451561326505, 0.17027071359238508, -0.18713750922211633, 0.5, 0.011757169291402466, 
0.87594962213279726, 0.10568866123729968, 0.12858773021340436, 0.11217846270747345, 0.1653998142038299, -0.19146072716371193, 0.5, 0.011757169291402466, 
0.87728127211293183, 0.10760407650990562, 0.12631149510267267, 0.11433793649894969, 0.1604096363109368, -0.19573986820296255, 0.5, 0.011757169291402466, 
0.87863798331376552, 0.10946012039544087, 0.12398521304110373, 0.11644133218445871, 0.15530020750860751, -0.19997400745383631, 0.5, 0.011757169291402466, 
0.88001908688698449, 0.11125539066728297, 0.1216094186238221, 0.11848702555095676, 0.15007148627670816, -0.20416220642211608, 0.5, 0.011757169291402466, 
0.88142389476864902, 0.11298848417528068, 0.11918465758264783, 0.12047337187101315, 0.14472335601797653, -0.20830350833113603, 0.5, 0.011757169291402466, 
0.88285169943114783, 0.11465799592662757, 0.11671148703093591, 0.1223987047238891, 0.13925561881196361, -0.21239693295056605, 0.5, 0.011757169291402466, 
0.88430177362082862, 0.11626251809154996, 0.11419047577237174, 0.12426133473709178, 0.13366798886851403, -0.21644147087956278, 0.5, 0.011757169291402466, 
0.88577337008033952, 0.11780063893017638, 0.11162220468045285, 0.12605954824300183, 0.12796008566364186, -0.22043607722960226, 0.5, 0.011757169291402466, 
0.88726572125464875, 0.11927094163675094, 0.10900726715606908, 0.1277916058449593, 0.12213142674015899, -0.22437966464552853, 0.5, 0.011757169291402466, 
0.88877803897964569, 0.12067200309714395, 0.10634626967136046, 0.12945574088698794, 0.11618142015512195, -0.2282710955956975, 0.5, 0.011757169291402466, 
0.89030951415215431, 0.12200239255540161, 0.10363983240889423, 0.13105015782114779, 0.1101093565561424, -0.23210917385345164, 0.5, 0.011757169291402466, 
0.89185931638011873, 0.1232606701848673, 0.10088859000617301, 0.13257303046633645, 0.10391440086894116, -0.23589263508240155, 0.5, 0.011757169291402466, 
0.893426593611649, 0.12444538555920348, 0.098093192416578767, 0.13402250015221936, 0.097595583579319065, -0.23962013642696964, 0.5, 0.011757169291402466, 
0.89501047174153736, 0.12555507601845359, 0.095254305899087191, 0.13539667374186884, 0.091151791594096379, -0.24329024499720961, 0.5, 0.011757169291402466, 
0.89661005419378159, 0.1265882649251128, 0.092372614150473265, 0.13669362152664322, 0.084581758667694781, -0.24690142512286753, 0.5, 0.011757169291402466, 
0.8982244214785764, 0.12754345980503687, 0.089448819595289886, 0.13791137498685752, 0.077884055384096124, -0.25045202423579649, 0.5, 0.011757169291402466, 
0.89985263072215527, 0.1284191503679214, 0.086483644850661068, 0.13904792441190608, 0.071057078688151767, -0.25394025722194774, 0.5, 0.011757169291402466, 
0.90149371516779619, 0.12921380640204494, 0.083477834384914143, 0.14010121637371714, 0.06409904096592961, -0.25736418906398673, 0.5, 0.011757169291402466, 
0.90314668364623141, 0.12992587553800797, 0.080432156391310378, 0.14106915104778497, 0.057007958681339808, -0.26072171557284701, 0.5, 0.011757169291402466, 
0.90481052001363826, 0.13055378087634031, 0.077347404900652256, 0.14194957937656671, 0.049781640586121577, -0.26401054198093538, 0.5, 0.011757169291402466, 
0.9064841825553307, 0.13109591847412183, 0.074224402159383918, 0.1427403000708013, 0.042417675532954474, -0.26722815914091363, 0.5, 0.011757169291402466, 
0.90816660335322508, 0.13155065468620289, 0.071064001302998059, 0.14343905644535626, 0.03491341993765508, -0.27037181704165808, 0.5, 0.011757169291402466, 
0.90985668761512017, 0.13191632335726691, 0.067867089358162602, 0.14404353308760615, 0.02726598495696415, -0.27343849531677661, 0.5, 0.011757169291402466, 
0.91155331296382169, 0.13219122286190613, 0.064634590611030718, 0.14455135235817526, 0.019472223474338295, -0.2764248703805755, 0.5, 0.011757169291402466, 
0.91325532868414849, 0.13237361299115225, 0.061367470383750518, 0.14496007072623948, 0.011528717018679541, -0.2793272787812589, 0.5, 0.011757169291402466, 
0.9149615549259037, 0.13246171168560253, 0.058066739266303423, 0.14526717494459759, 0.0034317627815890345, -0.28214167631108117, 0.5, 0.011757169291402466, 
0.91667078186097617, 0.13245369161751547, 0.054733457856531408, 0.14547007807354312, -0.0048226390506237544, -0.28486359235789915, 0.5, 0.011757169291402466, 
0.91838176879286926, 0.13234767662714952, 0.051368742067625914, 0.14556611536737404, -0.01323879737104235, -0.28748807892192874, 0.5, 0.011757169291402466, 
0.92009324321715402, 0.13214173802234111, 0.047973769069508343, 0.14555254004338616, -0.021821341275308378, -0.29000965365552733, 0.5, 0.011757169291402466, 
0.9218038998316157, 0.13183389075506305, 0.044549783938495388, 0.14542651896067343, -0.030575229780543018, -0.29242223621278585, 0.5, 0.011757169291402466, 
0.92351239949523933, 0.13142208949470677, 0.04109810709846709, 0.14518512824532254, -0.039505759568076518, -0.29471907712030015, 0.5, 0.011757169291402466, 
0.9252173681356739, 0.1309042246253842, 0.037620142646487158, 0.14482534891002077, -0.048618570032164472, -0.29689267830195265, 0.5, 0.011757169291402466, 
0.92691739560545883, 0.13027811820400198, 0.03411738766648912, 0.144344062530154, -0.057919644737956834, -0.29893470431089175, 0.5, 0.011757169291402466, 
0.92861103448812432, 0.12954151992764601, 0.030591442646233549, 0.14373804705570026, -0.067415308173125757, -0.30083588324429794, 0.5, 0.011757169291402466, 
0.93029679885633021, 0.12869210317344967, 0.027044023125212237, 0.14300397285926877, -0.077112216410603604, -0.30258589624561016, 0.5, 0.011757169291402466, 
0.9319731629855319, 0.12772746119221948, 0.023476972714408482, 0.1421383991462547, -0.087017339975321642, -0.30417325444137083, 0.5, 0.011757169291402466, 
0.93363856002832024, 0.12664510355940076, 0.019892277642608414, 0.14113777088416501, -0.097137936814723519, -0.3055851621252122, 0.5, 0.011757169291402466, 
0.93529138065664508, 0.12544245301436022, 0.016292082997954475, 0.13999841644574434, -0.10748151279877644, -0.30680736500293915, 0.5, 0.011757169291402466, 
0.93692997168167325, 0.12411684285247072, 0.012678710847113724, 0.1387165462057631, -0.11805576660657896, -0.30782398236824798, 0.5, 0.011757169291402466, 
0.93855263466416783, 0.12266551507530576, 0.0090546804270270047, 0.13728825238553352, -0.12886851517898079, -0.30861732221284793, 0.5, 0.011757169291402466, 
0.94015762453209428, 0.12108561955375194, 0.0054227306146020469, 0.13570951050382737, -0.1399275951153679, -0.30916767852039767, 0.5, 0.011757169291402466, 
0.94174314822682037, 0.11937421451856284, 0.001785844886361333, 0.13397618286939808, -0.15124073445478092, -0.30945311039408813, 0.5, 0.011757169291402466, 
0.94330736340490318, 0.11752826876447249, -0.0018527210191845889, 0.13208402464028501, -0.16281538819735125, -0.30944920327952685, 0.5, 0.011757169291402466, 
0.94484837722923676, 0.11554466603920445, -0.0054894085316920449, 0.13002869307990231, -0.17465852968942647, -0.30912881344075904, 0.5, 0.011757169291402466, 
0.94636424529142993, 0.11342021218925218, -0.0091203225875964335, 0.12780576076067177, -0.18677638862510726, -0.3084617981203015, 0.5, 0.011757169291402466, 
0.947852970716906, 0.11115164575163441, -0.012741194731520213, 0.12541073360311281, -0.19917412493908476, -0.30741473557896115, 0.5, 0.011757169291402466, 
0.94931250351553542, 0.10873565281587659, -0.016347342897537649, 0.12283907479124456, -0.21185542634310051, -0.30595064160748281, 0.5, 0.011757169291402466, 
0.95074074025382083, 0.10616888713317331, -0.019933627882756003, 0.12008623577160141, -0.22482201580040434, -0.3040286922935031, 0.5, 0.011757169291402466, 
0.95213552413986835, 0.10344799661832842, -0.023494406664160652, 0.1171476957182828, -0.23807305401588233, -0.30160396699747377, 0.5, 0.011757169291402466, 
0.95349464562967412, 0.10056965757032947, -0.027023482903883404, 0.11401901102176583, -0.25160442131393468, -0.29862723083173426, 0.5, 0.011757169291402466, 
0.9548158436825358, 0.097530618121105292, -0.03051405525281474, 0.11069587652112373, -0.26540786347608925, -0.29504478262376316, 0.5, 0.011757169291402466, 
0.9560968078144233, 0.094327752595410763, -0.033958664414404302, 0.10717420032743152, -0.27946998776919385, -0.29079840249681371, 0.5, 0.011757169291402466, 
0.95733518112032412, 0.090958128606549782, -0.037349140386942467, 0.10345019415137498, -0.29377109925805228, -0.28582544281376376, 0.5, 0.011757169291402466, 
0.95852856445897872, 0.087419088791453589, -0.04067655187969281, 0.099520481010638345, -0.30828387452104178, -0.28005911707358955, 0.5, 0.011757169291402466, 
0.95967452201452019, 0.083708349060662504, -0.043931160607362359, 0.095382222000624808, -0.32297188123381571, -0.27342905282845759, 0.5, 0.011757169291402466, 
0.96077058846716401, 0.079824115045661087, -0.047102384009918154, 0.09103326340110153, -0.33778796904993985, -0.26586218565600084, 0.5, 0.011757169291402466, 
0.9618142780162382, 0.075765217994160375, -0.05017877090427398, 0.086472304686566415, -0.35267258105284743, -0.25728407976159051, 0.5, 0.011757169291402466, 
0.96280309549958343, 0.07153127060643498, -0.053147995606389949, 0.081699086929721762, -0.36755206670186102, -0.24762076400564856, 0.5, 0.011757169291402466, 
0.96373454983885143, 0.06712284212941165, -0.055996877081857348, 0.076714599561861774, -0.38233711671492587, -0.23680116604510698, 0.5, 0.011757169291402466, 
0.96460617000490156, 0.062541650344242666, -0.058711430551656521, 0.071521301432204559, -0.39692148620935613, -0.22476020680173084, 0.5, 0.011757169291402466, 
0.96541552363545347, 0.057790765843440027, -0.061276959495674285, 0.066123349591951486, -0.41118122065707235, -0.21144257700847949, 0.5, 0.011757169291402466, 
0.96616023834299025, 0.052874821207423643, -0.063678195893505943, 0.060526826303626741, -0.42497464239189103, -0.19680715203343763, 0.5, 0.011757169291402466, 
0.96683802562087306, 0.0478002144799788, -0.06589949550552493, 0.054739951646240161, -0.43814338214282944, -0.18083190781236963, 0.5, 0.011757169291402466, 
0.96744670708923874, 0.042575292986319513, -0.067925092707217888, 0.048773266102139952, -0.45051473533935393, -0.16351908182713809, 0.5, 0.011757169291402466, 
0.96798424262400196, 0.037210500504133152, -0.069739415597567855, 0.042639765172756999, -0.46190557007623889, -0.14490018894780093, 0.5, 0.011757169291402466, 
0.96844875969332389, 0.031718468741312497, -0.071327456739349149, 0.036354966993663654, -0.47212789851216896, -0.12504037323542416, 0.5, 0.011757169291402466, 
0.96883858300487824, 0.02611403376916736, -0.072675188192040358, 0.029936894746096898, -0.48099604084950054, -0.10404148443761049, 0.5, 0.011757169291402466, 
0.96915226336979476, 0.020414160256060632, -0.073770002110112531, 0.023405958914820155, -0.48833507168792351, -0.082043249062288298, 0.5, 0.011757169291402466, 
0.96938860454551634, 0.014637761544215925, -0.074601151174477465, 0.01678473034506673, -0.4939899744919059, -0.059221994661042457, 0.5, 0.011757169291402466, 
0.96954668676022726, 0.0088054118099621572, -0.075160157894639104, 0.010097603363672243, -0.49783469383250745, -0.035786599914333826, 0.5, 0.011757169291402466, 
0.96962588567020669, 0.0029389570442215269, -0.075441159798792248, 0.0033703581571213181, -0.49978013075895678, -0.011971670178318475, 0.5, 0.011757169291402466, 
0.96962588567020658, -0.0029389570441668853, -0.075441159798792776, -0.0033703581571263427, -0.4997801307589651, 0.01197167017822739, 0.5, 0.011757169291402466, 
0.96954668676022715, -0.0088054118099077077, -0.075160157894640686, -0.010097603363676971, -0.49783469383253198, 0.035786599914245779, 0.5, 0.011757169291402466, 
0.96938860454551623, -0.014637761544161857, -0.074601151174480046, -0.016784730345070921, -0.49398997449194576, 0.05922199466096037, 0.5, 0.011757169291402466, 
0.96915226336979454, -0.020414160256007119, -0.073770002110116042, -0.02340595891482352, -0.48833507168797741, 0.082043249062214746, 0.5, 0.011757169291402466, 
0.96883858300487791, -0.026114033769114555, -0.072675188192044674, -0.029936894746099202, -0.48099604084956665, 0.10404148443754768, 0.5, 0.011757169291402466, 
0.96844875969332356, -0.031718468741260532, -0.071327456739354145, -0.036354966993664667, -0.47212789851224529, 0.12504037323537379, 0.5, 0.011757169291402466, 
0.96798424262400162, -0.037210500504082138, -0.069739415597573379, -0.042639765172756507, -0.4619055700763231, 0.14490018894776416, 0.5, 0.011757169291402466, 
0.96744670708923841, -0.042575292986269525, -0.067925092707223744, -0.048773266102137787, -0.45051473533944381, 0.16351908182711564, 0.5, 0.011757169291402466, 
0.96683802562087273, -0.047800214479929888, -0.065899495505530953, -0.054739951646236115, -0.43814338214292287, 0.18083190781236172, 0.5, 0.011757169291402466, 
0.96616023834299003, -0.052874821207375841, -0.06367819589351198, -0.060526826303620676, -0.4249746423919859, 0.19680715203344412, 0.5, 0.011757169291402466, 
0.96541552363545335, -0.057790765843393335, -0.061276959495680169, -0.06612334959194327, -0.41118122065716678, 0.21144257700849983, 0.5, 0.011757169291402466, 
0.96460617000490145, -0.062541650344197064, -0.058711430551662093, -0.071521301432194123, -0.39692148620944862, 0.22476020680176428, 0.5, 0.011757169291402466, 
0.96373454983885154, -0.067122842129367116, -0.055996877081862448, -0.07671459956184902, -0.38233711671501508, 0.23680116604515261, 0.5, 0.011757169291402466, 
0.96280309549958365, -0.071531270606391487, -0.053147995606394445, -0.081699086929706607, -0.36755206670194585, 0.24762076400570529, 0.5, 0.011757169291402466, 
0.96181427801623864, -0.075765217994117839, -0.050178770904277747, -0.086472304686548804, -0.35267258105292709, 0.25728407976165724, 0.5, 0.011757169291402466, 
0.96077058846716468, -0.079824115045619481, -0.047102384009921096, -0.091033263401081449, -0.33778796905001385, 0.26586218565607639, 0.5, 0.011757169291402466, 
0.95967452201452108, -0.083708349060621731, -0.043931160607364371, -0.095382222000602229, -0.32297188123388354, 0.27342905282854074, 0.5, 0.011757169291402466, 
0.95852856445897983, -0.087419088791413579, -0.040676551879693809, -0.099520481010613226, -0.30828387452110323, 0.28005911707367925, 0.5, 0.011757169291402466, 
0.95733518112032545, -0.090958128606510466, -0.037349140386942377, -0.10345019415134732, -0.29377109925810729, 0.28582544281385902, 0.5, 0.011757169291402466, 
0.95609680781442496, -0.094327752595372058, -0.033958664414403067, -0.10717420032740133, -0.27946998776924248, 0.29079840249691347, 0.5, 0.011757169291402466, 
0.95481584368253791, -0.097530618121067128, -0.030514055252812304, -0.11069587652109099, -0.26540786347613171, 0.29504478262386657, 0.5, 0.011757169291402466, 
0.95349464562967656, -0.10056965757029177, -0.027023482903879733, -0.11401901102173058, -0.25160442131397115, 0.29862723083184051, 0.5, 0.011757169291402466, 
0.95213552413987124, -0.10344799661829111, -0.023494406664155719, -0.11714769571824504, -0.23807305401591305, 0.30160396699758213, 0.5, 0.011757169291402466, 
0.95074074025382405, -0.10616888713313634, -0.019933627882749785, -0.12008623577156118, -0.22482201580042968, 0.3040286922936129, 0.5, 0.011757169291402466, 
0.94931250351553931, -0.10873565281583988, -0.016347342897530134, -0.12283907479120189, -0.21185542634312077, 0.3059506416075935, 0.5, 0.011757169291402466, 
0.94785297071691033, -0.11115164575159793, -0.012741194731511394, -0.1254107336030677, -0.19917412493910033, 0.30741473557907217, 0.5, 0.011757169291402466, 
0.94636424529143481, -0.11342021218921584, -0.0091203225875863096, -0.12780576076062428, -0.1867763886251185, 0.30846179812041236, 0.5, 0.011757169291402466, 
0.9448483772292422, -0.11554466603916821, -0.0054894085316806208, -0.13002869307985246, -0.17465852968943371, 0.3091288134408694, 0.5, 0.011757169291402466, 
0.94330736340490917, -0.11752826876443631, -0.0018527210191718723, -0.13208402464023286, -0.16281538819735492, 0.30944920327963638, 0.5, 0.011757169291402466, 
0.94174314822682703, -0.11937421451852669, 0.0017858448863753307, -0.13397618286934362, -0.15124073445478137, 0.30945311039419654, 0.5, 0.011757169291402466, 
0.94015762453210161, -0.12108561955371579, 0.0054227306146173108, -0.1357095105037707, -0.13992759511536546, 0.3091676785205047, 0.5, 0.011757169291402466, 
0.93855263466417571, -0.12266551507526957, 0.0090546804270435158, -0.13728825238547465, -0.12886851517897582, 0.3086173222129534, 0.5, 0.011757169291402466, 
0.93692997168168179, -0.12411684285243446, 0.012678710847131465, -0.13871654620570206, -0.11805576660657181, 0.30782398236835162, 0.5, 0.011757169291402466, 
0.93529138065665429, -0.12544245301432383, 0.016292082997973422, -0.13999841644568117, -0.10748151279876741, 0.3068073650030409, 0.5, 0.011757169291402466, 
0.93363856002833034, -0.12664510355936426, 0.019892277642628551, -0.14113777088409976, -0.097137936814712958, 0.30558516212531195, 0.5, 0.011757169291402466, 
0.93197316298554267, -0.12772746119218284, 0.023476972714429778, -0.14213839914618745, -0.087017339975309832, 0.30417325444146842, 0.5, 0.011757169291402466, 
0.93029679885634176, -0.12869210317341287, 0.027044023125234667, -0.14300397285919958, -0.077112216410590823, 0.30258589624570553, 0.5, 0.011757169291402466, 
0.92861103448813664, -0.12954151992760904, 0.030591442646257089, -0.14373804705562915, -0.067415308173112282, 0.30083588324439103, 0.5, 0.011757169291402466, 
0.92691739560547204, -0.13027811820396484, 0.034117387666513739, -0.14434406253008097, -0.057919644737942907, 0.2989347043109824, 0.5, 0.011757169291402466, 
0.925217368135688, -0.1309042246253469, 0.037620142646512825, -0.14482534890994589, -0.048618570032150345, 0.29689267830204086, 0.5, 0.011757169291402466, 
0.92351239949525421, -0.1314220894946693, 0.04109810709849377, -0.14518512824524588, -0.039505759568062418, 0.29471907712038592, 0.5, 0.011757169291402466, 
0.92180389983163147, -0.13183389075502541, 0.04454978393852306, -0.14542651896059502, -0.030575229780529158, 0.29242223621286911, 0.5, 0.011757169291402466, 
0.92009324321717068, -0.13214173802230331, 0.047973769069536966, -0.14555254004330606, -0.021821341275294972, 0.29000965365560805, 0.5, 0.011757169291402466, 
0.9183817687928868, -0.13234767662711161, 0.051368742067655467, -0.1455661153672923, -0.013238797371029596, 0.28748807892200684, 0.5, 0.011757169291402466, 
0.9166707818609946, -0.13245369161747744, 0.054733457856561869, -0.14547007807345977, -0.004822639050611836, 0.28486359235797476, 0.5, 0.011757169291402466, 
0.91496155492592313, -0.13246171168556434, 0.058066739266334752, -0.14526717494451272, 0.0034317627815999472, 0.28214167631115428, 0.5, 0.011757169291402466, 
0.91325532868416881, -0.13237361299111394, 0.061367470383782687, -0.14496007072615313, 0.011528717018689277, 0.27932727878132946, 0.5, 0.011757169291402466, 
0.91155331296384312, -0.13219122286186769, 0.064634590611063705, -0.14455135235808741, 0.019472223474346705, 0.27642487038064362, 0.5, 0.011757169291402466, 
0.9098566876151426, -0.13191632335722839, 0.067867089358196353, -0.14404353308751691, 0.027265984956971093, 0.27343849531684233, 0.5, 0.011757169291402466, 
0.9081666033532485, -0.13155065468616428, 0.071064001303032559, -0.14343905644526569, 0.034913419937660416, 0.27037181704172142, 0.5, 0.011757169291402466, 
0.90648418255535534, -0.13109591847408317, 0.074224402159419153, -0.14274030007070937, 0.042417675532958075, 0.26722815914097459, 0.5, 0.011757169291402466, 
0.90481052001366402, -0.1305537808763016, 0.077347404900688199, -0.14194957937647348, 0.049781640586123332, 0.264010541980994, 0.5, 0.011757169291402466, 
0.90314668364625827, -0.12992587553796928, 0.080432156391347001, -0.14106915104769052, 0.0570079586813396, 0.2607217155729033, 0.5, 0.011757169291402466, 
0.90149371516782428, -0.12921380640200625, 0.083477834384951433, -0.1401012163736215, 0.064099040965927334, 0.25736418906404074, 0.5, 0.011757169291402466, 
0.89985263072218458, -0.12841915036788276, 0.086483644850698982, -0.13904792441180924, 0.07105707868814734, 0.25394025722199942, 0.5, 0.011757169291402466, 
0.89822442147860693, -0.12754345980499832, 0.089448819595328383, -0.13791137498675957, 0.077884055384089435, 0.25045202423584584, 0.5, 0.011757169291402466, 
0.89661005419381334, -0.12658826492507436, 0.092372614150512317, -0.13669362152654418, 0.084581758667685747, 0.2469014251229146, 0.5, 0.011757169291402466, 
0.89501047174157033, -0.12555507601841526, 0.09525430589912677, -0.13539667374176881, 0.091151791594084916, 0.24329024499725449, 0.5, 0.011757169291402466, 
0.8934265936116832, -0.1244453855591653, 0.09809319241661886, -0.13402250015211831, 0.097595583579305076, 0.23962013642701235, 0.5, 0.011757169291402466, 
0.89185931638015403, -0.12326067018482932, 0.10088859000621359, -0.13257303046623442, 0.10391440086892458, 0.23589263508244215, 0.5, 0.011757169291402466, 
0.89030951415219073, -0.12200239255536384, 0.10363983240893528, -0.13105015782104484, 0.11010935655612317, 0.23210917385349014, 0.5, 0.011757169291402466, 
0.88877803897968333, -0.12067200309710641, 0.10634626967140194, -0.12945574088688408, 0.11618142015509998, 0.22827109559573391, 0.5, 0.011757169291402466, 
0.88726572125468761, -0.11927094163671369, 0.10900726715611099, -0.12779160584485455, 0.12213142674013422, 0.22437966464556292, 0.5, 0.011757169291402466, 
0.8857733700803796, -0.11780063893013942, 0.11162220468049515, -0.12605954824289622, 0.12796008566361425, 0.22043607722963465, 0.5, 0.011757169291402466, 
0.88430177362086992, -0.11626251809151335, 0.1141904757724144, -0.12426133473698533, 0.13366798886848349, 0.21644147087959326, 0.5, 0.011757169291402466, 
0.88285169943119035, -0.11465799592659133, 0.1167114870309789, -0.12239870472378186, 0.1392556188119301, 0.21239693295059461, 0.5, 0.011757169291402466, 
0.88142389476869287, -0.11298848417524486, 0.11918465758269114, -0.12047337187090516, 0.14472335601794006, 0.20830350833116271, 0.5, 0.011757169291402466, 
0.88001908688702968, -0.1112553906672476, 0.12160941862386572, -0.11848702555084806, 0.15007148627666864, 0.20416220642214089, 0.5, 0.011757169291402466, 
0.87863798331381204, -0.10946012039540598, 0.12398521304114762, -0.11644133218434931, 0.15530020750856491, 0.19997400745385935, 0.5, 0.011757169291402466, 
0.87728127211297957, -0.10760407650987126, 0.12631149510271683, -0.11433793649883961, 0.16040963631089108, 0.19573986820298381, 0.5, 0.011757169291402466, 
0.87594962213284633, -0.10568866123726588, 0.12858773021344874, -0.11217846270736273, 0.16539981420378105, 0.19146072716373144, 0.5, 0.011757169291402466, 
0.87464368324072816, -0.10371527672805887, 0.13081339472790718, -0.10996451561315369, 0.17027071359233303, 0.18713750922213415, 0.5, 0.011757169291402466, 
0.87336408654499598, -0.10168532583543594, 0.13298797581558686, -0.10769768164483536, 0.17502224346047274, 0.18277112987671226, 0.5, 0.011757169291402466, 
0.87211144460534296, -0.099600212828728968, 0.13511097137330416, -0.10537952982697339, 0.17965425481149022, 0.17836249904421139, 0.5, 0.011757169291402466, 
0.87088635163199746, -0.097461344044300499, 0.13718188998006411, -0.10301161269051076, 0.18416654586927381, 0.17391252448488564, 0.5, 0.011757169291402466, 
0.86968938367456572, -0.095270128476618351, 0.13920025089011503, -0.10059546712738787, 0.18855886705335767, 0.16942211487811906, 0.5, 0.011757169291402466, 
0.86852109880113282, -0.093027978312107254, 0.14116558406024449, -0.098132615193442782, 0.19283092573998467, 0.16489218257591154, 0.5, 0.011757169291402466, 
0.86738203726820962, -0.090736309408225968, 0.14307743020767688, -0.095624564863480102, 0.1969823908204755, 0.16032364605886609, 0.5, 0.011757169291402466, 
0.86627272168206548, -0.088396541720091162, 0.14493534089520688, -0.093072810742196491, 0.20101289706729875, 0.15571743211676289, 0.5, 0.011757169291402466, 
0.86519365715194407, -0.086010099676852025, 0.14673887864044938, -0.090478834734455324, 0.2049220493173636, 0.15107447777354988, 0.5, 0.011757169291402466, 
0.86414533143562189, -0.083578412509912728, 0.14848761704630772, -0.087844106678214004, 0.20870942648121116, 0.14639573197459338, 0.5, 0.011757169291402466, 
0.86312821507772919, -0.081102914535002721, 0.15018114094996141, -0.085170084943223437, 0.21237458538596959, 0.14168215705227924, 0.5, 0.011757169291402466, 
0.86214276154121927, -0.078585045390006908, 0.15181904658785372, -0.082458216998441608, 0.21591706445916217, 0.13693472998451583, 0.5, 0.011757169291402466, 
0.8611894073323354, -0.076026250230388767, 0.15340094177432412, -0.079709939950930717, 0.21933638725972074, 0.13215444345933861, 0.5, 0.011757169291402466, 
0.86026857211939867, -0.073427979883968819, 0.1549264460916765, -0.076926681058840346, 0.22263206586186077, 0.1273423067576315, 0.5, 0.011757169291402466, 
0.85938065884570292, -0.070791690966758677, 0.15639519108961109, -0.074109858220917951, 0.22580360409681882, 0.12249934646494721, 0.5, 0.011757169291402466, 
0.85852605383678293, -0.06811884596149495, 0.15780682049207026, -0.071260880444831032, 0.22885050065683857, 0.11762660702250824, 0.5, 0.011757169291402466, 
0.85770512690228884, -0.065410913260470188, 0.15916099040966319, -0.068381148296434699, 0.23177225206522059, 0.11272515112668974, 0.5, 0.011757169291402466, 
0.85691823143268198, -0.062669367174215215, 0.16045736955593926, -0.065472054331971591, 0.23456835551571911, 0.10779605998561111, 0.5, 0.011757169291402466, 
0.85616570449093965, -0.059895687907552515, 0.16169563946587756, -0.062534983515049714, 0.23723831158407985, 0.10284043344088391, 0.5, 0.011757169291402466, 
0.85544786689943886, -0.057091361504509407, 0.1628754947150528, -0.059571313620107313, 0.23978162681406276, 0.097859389962068194, 0.5, 0.011757169291402466, 
0.8547650233221683, -0.054257879763555221, 0.16399664313802256, -0.056582415623941548, 0.24219781617988373, 0.092854066520969628, 0.5, 0.011757169291402466, 
0.85411746234239905, -0.051396740124605711, 0.16505880604456369, -0.053569654086751101, 0.2444864054266371, 0.087825618352555382, 0.5, 0.011757169291402466, 
0.85350545653593179, -0.048509445529221887, 0.16606171843246317, -0.050534387524020175, 0.2466469332899266, 0.082775218608972259, 0.5, 0.011757169291402466, 
0.85292926254001866, -0.045597504255417677, 0.16700512919564348, -0.047477968770453842, 0.24867895359563383, 0.077704057912906188, 0.5, 0.011757169291402466, 
0.85238912111804777, -0.042662429728481464, 0.16788880132647455, -0.04440174533706228, 0.25058203724049066, 0.072613343816324658, 0.5, 0.011757169291402466, 
0.85188525722006458, -0.039705740309210182, 0.16871251211119495, -0.041307059762383559, 0.25235577405389098, 0.067504300170484088, 0.5, 0.011757169291402466, 
0.85141788003919483, -0.036728959060950674, 0.16947605331743254, -0.038195249958732261, 0.25399977454118144, 0.062378166412959936, 0.5, 0.011757169291402466, 
0.85098718306402032, -0.033733613496841182, 0.17017923137288274, -0.035067649554264113, 0.25551367150850218, 0.057236196777361449, 0.5, 0.011757169291402466, 
0.85059334412695575, -0.03072123530864591, 0.1708218675342682, -0.031925588231554648, 0.25689712156911199, 0.052079659431322617, 0.5, 0.011757169291402466, 
0.85023652544866135, -0.02769336007857694, 0.17140379804576916, -0.028770392063304097, 0.25814980653102149, 0.046909835548311116, 0.5, 0.011757169291402466, 
0.84991687367852264, -0.024651526975500573, 0.17192487428617878, -0.025603383845699802, 0.25927143466567387, 0.041728018318764409, 0.5, 0.011757169291402466, 
0.8496345199312233, -0.021597278436928321, 0.17238496290410274, -0.022425883429893101, 0.26026174185735218, 0.036535511906043754, 0.5, 0.011757169291402466, 
0.8493895798194292, -0.018532159838197074, 0.17278394594058588, -0.019239208051979109, 0.26112049263295334, 0.03133363035268899, 0.5, 0.011757169291402466, 
0.84918215348259984, -0.015457719150247155, 0.17312172093861458, -0.016044672661805467, 0.26184748107175199, 0.02612369644245768, 0.5, 0.011757169291402466, 
0.84901232561193996, -0.012375506587411454, 0.17339820103900669, -0.01284359025088057, 0.26244253159477748, 0.020907040523638457, 0.5, 0.011757169291402466, 
0.84888016547149991, -0.0092870742466332219, 0.17361331506226621, -0.0096372721796023596, 0.26290549963344306, 0.015684999299138604, 0.5, 0.011757169291402466, 
0.84878572691543142, -0.0061939757395341171, 0.1737670075760446, -0.006427028503986478, 0.26323627217709883, 0.010458914588857983, 0.5, 0.011757169291402466, 
0.84872904840140506, -0.0030977658187577783, 0.17385923894791538, -0.0032141683020369101, 0.26343476819922207, 0.0052301320698736869, 0.5, 0.011757169291402466, 
0.84871015300019126, -1.7204553753868979e-14, 0.17388998538323319, 1.2635595694754365e-13, 0.26350093896201193, -2.8534900137211494e-14, 0.5, 0.011757169291402466, 
