./data/datasets/tbp_SUN_lt_earth_to_mars.dat
TBP SUN CARTESIAN LT
CONSTANTS : MU [km^3.s^-2], LU [km], WU [s^-1], MASSU [kg]. TU [s], VU = LU * WU [km.s^-1], THRUSTU = 1000 * VU * MASSU * WU [N].
132712440041.9393
149597870.69999999
1.9909836747685179e-07
1000
SPACECRAFT PARAMETERS : INITIAL MASS [MASSU], DRY MASS [MASSU], THRUST [THRUSTU], ISP [TU].
0.10000000000000001
0.050000000000000003
0.0016863168901801234
0.00039819673495370355
4
State
101, 8
x [LU], y [LU], z [LU], vx [VU], vy [VU], vz [VU], mass [MASSU], dt [TU], 
-0.94051935593492386, -0.34502114073205192, 6.5508953798230768e-06, 0.32817515972135403, -0.94270842740721961, 1.4563605439061728e-05, 0.10000000000000001, 0.13761679159999995, 
-0.88660566212435321, -0.47097085205136807, -2.6837959341592362e-05, 0.45400027486674283, -0.88492574455242123, -0.00049935166598326776, 0.09964779469632723, 0.13761679159999995, 
-0.8159823348750086, -0.58784263647424218, -0.00013600615278714964, 0.57067945855475444, -0.81100305153384455, -0.0010850937542373005, 0.099295665489385704, 0.13761679159999995, 
-0.73003861575621432, -0.69351507916964694, -0.00032966193153845653, 0.67635048626586292, -0.7224202926632628, -0.0017253840253491626, 0.098943371948688338, 0.13761679159999995, 
-0.63040726685177384, -0.78608115287402225, -0.00061001795334761951, 0.76933516587243866, -0.6208085962244656, -0.0023431931757029118, 0.098591945996781449, 0.13761679159999995, 
-0.51893609082194969, -0.86387150459073592, -0.00097432106339000841, 0.84818503969853887, -0.50798846156794908, -0.0029435234143199052, 0.098240072111334592, 0.13761679159999995, 
-0.3976625790871311, -0.92547429115489044, -0.0014159475728009929, 0.91159111065525877, -0.38588123820925407, -0.0034651483929886728, 0.097887945124102468, 0.13761679159999995, 
-0.26879357660870684, -0.96974936204025675, -0.0019210416632418912, 0.95840238441468817, -0.25651478497971469, -0.0038643505213788541, 0.097535810091141831, 0.13761679159999995, 
-0.13468090416032891, -0.99584302514855705, -0.0024703691980490685, 0.98766651938469086, -0.12202491403131201, -0.004106812227570057, 0.097183516531602704, 0.13761679159999995, 
0.0022092224181553197, -1.0032056425893792, -0.0030414591742035407, 0.99867898586318649, 0.015306103128430422, -0.0041799109361501585, 0.096831261286913453, 0.13761679159999995, 
0.13933314312274714, -0.99161187954532459, -0.0036122368977901664, 0.99102576875608006, 0.15305024603372036, -0.0041020665381764103, 0.096478992518566509, 0.13761679159999995, 
0.27411084343671333, -0.96117527998030461, -0.0041601250002358406, 0.96459996605751486, 0.28871621966461442, -0.0038475725271698491, 0.096126698950780909, 0.13761679159999995, 
0.40397355433127224, -0.91236052496842135, -0.0046612222007741452, 0.91967873244177234, 0.41970071381734536, -0.0034229781888240542, 0.095774489032390886, 0.13761679159999995, 
0.5264210630120586, -0.84599639341080757, -0.0050921889025472801, 0.85698661029310286, 0.54332647543603052, -0.0028299140881973429, 0.095422330527833638, 0.13761679159999995, 
0.63907371544865033, -0.7632650413245633, -0.0054315903240581692, 0.77755379411510206, 0.65714895227381376, -0.0020944195815408751, 0.095070037033086668, 0.13761679159999995, 
0.7397324085736886, -0.6656883764403112, -0.0056602504923001151, 0.68297319256944244, 0.75869019936018001, -0.0012232173640903008, 0.094717814115070922, 0.13761679159999995, 
0.82644327407830387, -0.55510922690700837, -0.0057603273081966401, 0.57521118173288499, 0.84577963885050633, -0.00022892211385388476, 0.094365533367179705, 0.13761679159999995, 
0.89754973476798527, -0.43364769448727025, -0.0057158436508412723, 0.45661277004029865, 0.91657311062177271, 0.00087406265060839354, 0.094013700969303518, 0.13761679159999995, 
0.95169430992081971, -0.30362610195115308, -0.0055022751877432776, 0.32916366872786351, 0.96998936292059923, 0.0022243446915403329, 0.093661535199781792, 0.13761679159999995, 
0.98791592036703679, -0.16753461292847968, -0.0051124584519760237, 0.19662392273422041, 1.0046768498247836, 0.003431153404073556, 0.09330927190589422, 0.13761679159999995, 
1.005731544677084, -0.027998084234549855, -0.0045483387366115728, 0.062166349676427653, 1.0200339212044507, 0.0047535482266774275, 0.092956978340901428, 0.13761679159999995, 
1.0050560203668391, 0.11233987589173035, -0.003796771963663962, -0.071620602891419707, 1.0163914047649769, 0.0061513374518532777, 0.092604684764275247, 0.13761679159999995, 
0.9861325069278567, 0.25089638279032761, -0.0028385067199227904, -0.20257696185699323, 0.99429462337503871, 0.0077534869317850532, 0.092288657572463892, 0.13761679159999995, 
0.94963669683386087, 0.38520487640230283, -0.0016603970605373229, -0.32658942844123562, 0.95487821101937576, 0.0093425126775802426, 0.09193658743882438, 0.13761679159999995, 
0.89662964354535601, 0.51299033495803281, -0.00026835236563077579, -0.44218395301401253, 0.8997778367180036, 0.010859298564800848, 0.091584293953497736, 0.13761679159999995, 
0.8283302194668094, 0.63210841409229879, 0.0012258271362931316, -0.54855609347984402, 0.82923587995391379, 0.010825331080500759, 0.091564906590294926, 0.13761679159999995, 
0.74628424883947519, 0.74073752390224157, 0.0028294230731533967, -0.64175388041830483, 0.74768554971575873, 0.012450117398848262, 0.091213848252667998, 0.13761679159999995, 
0.65222410346369408, 0.83735530180920636, 0.0045514122187121702, -0.72301871170389742, 0.65502363645862216, 0.012544366103700379, 0.091095653842450316, 0.13761679159999995, 
0.54787275811046465, 0.92070015867975075, 0.0062380021788014002, -0.79123719405748782, 0.55512748435877357, 0.011937994488606567, 0.091090759965197471, 0.13761679159999995, 
0.43508641084650179, 0.9898870311593384, 0.0078291849576910127, -0.84557394816257725, 0.44958622781926133, 0.011161144401579488, 0.091090744322386175, 0.13761679159999995, 
0.31578216386081326, 1.0442669140171796, 0.0093033277238677055, -0.88597159191027053, 0.34023704210355687, 0.010240452088407534, 0.09109071930408727, 0.13761679159999995, 
0.19201107259480676, 1.0833828425686047, 0.010730221025441295, -0.91053418499755756, 0.22802985683380533, 0.010477141093829233, 0.090738958656417831, 0.13761679159999995, 
0.065792576032393343, 1.1069904684707856, 0.012163574211008599, -0.92161193749286963, 0.11510036594122353, 0.010334811006698801, 0.090386809035942442, 0.13761679159999995, 
-0.061055765997640316, 1.115086009079417, 0.013553224960194031, -0.91977590105570761, 0.0028080125960660892, 0.0098430444398593785, 0.090034571925910759, 0.13761679159999995, 
-0.18678568502070655, 1.1078685449254879, 0.014862429617024176, -0.90545450158949636, -0.10725433060717889, 0.0091670777961736141, 0.08968235508496257, 0.13761679159999995, 
-0.30972389249128629, 1.0857117616076277, 0.016063354708133557, -0.87930408802821514, -0.21413785549603309, 0.0082708751799912186, 0.089330061560832022, 0.13761679159999995, 
-0.42828761133490018, 1.0491139862884769, 0.017124141090713012, -0.84197992091599838, -0.31697589766556189, 0.0071320330275853085, 0.088977768104697041, 0.13761679159999995, 
-0.54098300932535781, 0.99868960751398839, 0.018011234865321305, -0.79411696303969215, -0.41494369103723616, 0.0057483808369466222, 0.088625474916011443, 0.13761679159999995, 
-0.64640208298328705, 0.93516367312741944, 0.01869156970830119, -0.73632669447663857, -0.50725282441050934, 0.0041292202184014153, 0.088273370816224564, 0.13761679159999995, 
-0.74323089135608011, 0.85935579340596446, 0.019131780840343868, -0.66936508538441641, -0.59331259574853379, 0.0022609752844104879, 0.08792129341097539, 0.13761679159999995, 
-0.83022918733757922, 0.7721969292038926, 0.019303205047418458, -0.59354914589345809, -0.67209057938445571, 0.00022564850150530517, 0.087568999917186793, 0.13761679159999995, 
-0.90623145119401449, 0.67473121951642201, 0.019188634943203289, -0.50965173244719653, -0.74297101553538525, -0.0018923209412635353, 0.087216849321232262, 0.13761679159999995, 
-0.97014388894136649, 0.56811715604600788, 0.018777169406548545, -0.417946549882249, -0.80490508465527499, -0.0040857373289707264, 0.086864726788533603, 0.13761679159999995, 
-1.0209391308869029, 0.45364154598400902, 0.018062570616269962, -0.31913068719774235, -0.85707609820224839, -0.0062939265604173072, 0.086512714986950678, 0.13761679159999995, 
-1.0576843998053651, 0.3327118374525318, 0.017045729726866778, -0.21388750890579469, -0.89854749506886145, -0.0084739464973620886, 0.086160788557127679, 0.13761679159999995, 
-1.0795495555281407, 0.2068671879288472, 0.015733225605503377, -0.10303164258068173, -0.92834352512855567, -0.010586048065906998, 0.085808624899282676, 0.13761679159999995, 
-1.0858280463069756, 0.077783378841252332, 0.014137023409954869, 0.012448756684617809, -0.94545811590188478, -0.012591681940302447, 0.08545636253409683, 0.13761679159999995, 
-1.0759641773206341, -0.052725579236191783, 0.012274603033466829, 0.13134281266916389, -0.94889449980992957, -0.014449261300220548, 0.085104145848724375, 0.13761679159999995, 
-1.0495851072447644, -0.18271064471676468, 0.010169053453238652, 0.25219804577364668, -0.93769579140809622, -0.016118915358425075, 0.084751968030467029, 0.13761679159999995, 
-1.0065371612171714, -0.310097779009959, 0.0078490696601847178, 0.37327743496866678, -0.91101406082762182, -0.017559161642133246, 0.084399822130025628, 0.13761679159999995, 
-0.94692625012406828, -0.43270810073065663, 0.005349101508123919, 0.49254389387065695, -0.868188340084595, -0.018728050256722795, 0.084047701536514516, 0.13761679159999995, 
-0.8711592281229279, -0.54829010744229145, 0.002709337595470237, 0.60766365617736817, -0.80884153695820493, -0.019584430731420126, 0.083695599590471112, 0.13761679159999995, 
-0.77998279838188034, -0.65456617053186605, -2.4531056565870345e-05, 0.7160401044209791, -0.73298977626177397, -0.020089890707876461, 0.083343509894769421, 0.13761679159999995, 
-0.67451513701956589, -0.74929440120758162, -0.0028018590827766083, 0.81488709440960405, -0.64115437962544164, -0.020211335650207652, 0.082991426381979941, 0.13761679159999995, 
-0.55626433572761469, -0.83034526633974737, -0.0055679858141898233, 0.90134775971436987, -0.5344612799580637, -0.019924054841965778, 0.082639343579896163, 0.13761679159999995, 
-0.42712733607501735, -0.89578990060910979, -0.0082656131410405575, 0.97265844348585795, -0.41470802615525815, -0.019214968410909607, 0.082287256337163328, 0.13761679159999995, 
-0.28936370329790312, -0.94399416948245729, -0.010836616329145704, 1.0263478470411611, -0.28437688245902254, -0.018085583579231811, 0.081935160196597565, 0.13761679159999995, 
-0.14554071591925083, -0.97370974779705954, -0.013224208392296178, 1.0604503213422725, -0.14657599825873097, -0.016554079321274888, 0.081583051351177424, 0.13761679159999995, 
0.0015501487592591882, -0.98415160820480241, -0.015375298425901353, 1.073702599880457, -0.0049005619202190645, -0.014655957588401082, 0.081230926966164477, 0.13761679159999995, 
0.14900066625865147, -0.97505121631527025, -0.01724281739018943, 1.0656892797400406, 0.13677871685483053, -0.01244287979243904, 0.080878784898238437, 0.13761679159999995, 
0.29390803495821394, -0.94667692382293056, -0.01878775437040581, 1.0369072047543624, 0.27457542278296254, -0.0099796465502592756, 0.08052662385996194, 0.13761679159999995, 
0.43349930897035555, -0.89981739017783147, -0.019980666455398342, 0.98873289107902063, 0.40485800990845006, -0.0073396568201981281, 0.080174443550647484, 0.13761679159999995, 
0.56524477115561078, -0.83572942517893523, -0.020802496284657208, 0.92329670587863533, 0.52448964196358716, -0.0045995201798521177, 0.079822244470293083, 0.13761679159999995, 
0.68694878142254245, -0.75605699886043565, -0.021244637710335083, 0.84328641219656941, 0.63100272929236678, -0.0018336588347552601, 0.079470027824024445, 0.13761679159999995, 
0.79681068738289251, -0.66273193153676346, -0.021308303451119986, 0.75171484076581274, 0.72268899470009784, 0.00089032507840023202, 0.079117795417624454, 0.13761679159999995, 
0.89345343878099526, -0.55786814932502804, -0.021003339856007039, 0.65168868602105923, 0.79860425709475591, 0.0035149897031196515, 0.078765549585280051, 0.13761679159999995, 
0.97592225754982553, -0.44366038075018494, -0.020346683176435044, 0.54620864349819864, 0.85850251227949148, 0.005994916552784401, 0.078413293006931992, 0.13761679159999995, 
1.0436590818104374, -0.32229547434965994, -0.019360650715311414, 0.43801912450589908, 0.9027226727733938, 0.0082972834352927419, 0.078061028570081056, 0.13761679159999995, 
1.0964601204236681, -0.1958811166150545, -0.018071198556995106, 0.32951305949094756, 0.93205291639670751, 0.01040183688185951, 0.077708759218037493, 0.13761679159999995, 
1.1344238803399371, -0.066393506011974593, -0.0165063115182667, 0.22268727976372821, 0.94759387027579478, 0.012299062042249917, 0.077356487696732756, 0.13761679159999995, 
1.1578960706568082, 0.064356922074740072, -0.014694846650732622, 0.11913976946142669, 0.95063495149856247, 0.013985479013613579, 0.077004216431237546, 0.13761679159999995, 
1.1674157625042083, 0.19474429030533338, -0.012665984978578373, 0.020088613158744204, 0.94255386738745961, 0.01545955257511839, 0.076651948842152332, 0.13761679159999995, 
1.1636664285247347, 0.32333352396739734, -0.010448407729487632, -0.073577767855285095, 0.92473476028098889, 0.016729811453840414, 0.076299686660924196, 0.13761679159999995, 
1.1474337939362715, 0.44887729419464717, -0.0080694842828465483, -0.16125318226773122, 0.89851447835336085, 0.017806556469443645, 0.075947431681308963, 0.13761679159999995, 
1.1195702525968396, 0.57030681063995226, -0.0055549350976571597, -0.24256659773855743, 0.86514627952898637, 0.018703264568584826, 0.075595185156670672, 0.13761679159999995, 
1.080965896591995, 0.68671870609034835, -0.002928561932023962, -0.31733361935839688, 0.82577864676414869, 0.019434200003949503, 0.075242947857007275, 0.13761679159999995, 
1.0325258236906365, 0.79735984992632247, -0.00021220821654824486, -0.38551401954952919, 0.78144574949803247, 0.020013454474650395, 0.074890720042806697, 0.13761679159999995, 
0.97515284991954299, 0.90161144066789833, 0.0025741790655599635, -0.44717571784214788, 0.73306598574096038, 0.020454425508178699, 0.07453850144242298, 0.13761679159999995, 
0.90973474498434259, 0.99897329077190444, 0.0054124256834829831, -0.50246502111603442, 0.68144582871444814, 0.02076943225394955, 0.074186291113121555, 0.13761679159999995, 
0.83713516379897657, 1.0890488827248122, 0.008285960269331193, -0.55158255998978301, 0.62728688863564441, 0.020969422412788274, 0.073834087935072429, 0.13761679159999995, 
0.75818754150819945, 1.1715315301643223, 0.011179608904801673, -0.59476415067199706, 0.5711947002698734, 0.021063743979977973, 0.073481889887794832, 0.13761679159999995, 
0.67369133189890684, 1.24619180862484, 0.014079361798008913, -0.63226574346817166, 0.5136882431440466, 0.021059963774817975, 0.073129694657340608, 0.13761679159999995, 
0.58441008259017146, 1.3128663115462327, 0.01697211766166954, -0.66435165539403795, 0.4552095920637339, 0.020963721796460267, 0.072777500244005894, 0.13761679159999995, 
0.49107094520422434, 1.3714477254350148, 0.019845410786324395, -0.69128537413256808, 0.39613338501854539, 0.020778623070342461, 0.072425309072008073, 0.13761679159999995, 
0.39436531295356314, 1.4218761864170277, 0.022687126478186409, -0.71332227744889509, 0.33677595104816666, 0.020506175027840221, 0.072073150655485113, 0.13761679159999995, 
0.29495032023715523, 1.464131790227803, 0.025486076877830749, -0.73070431334327479, 0.27740293498870511, 0.020158357662438977, 0.071720857301880353, 0.13761679159999995, 
0.19345089243934244, 1.4982286161883245, 0.028230819098794366, -0.7436572579988372, 0.21824368255692506, 0.019719478482144837, 0.071368563957236314, 0.13761679159999995, 
0.090462234246842743, 1.5242099540006144, 0.030908558614138895, -0.75238704379755694, 0.15949434082903588, 0.019185618718875683, 0.071016270614220028, 0.13761679159999995, 
-0.013447454329786678, 1.5421445410136159, 0.033505855144239836, -0.75708008619452793, 0.10132945746145219, 0.018551326860714888, 0.070663977272049872, 0.13761679159999995, 
-0.11773445142710913, 1.5521238569393836, 0.036008008318754843, -0.75790568407873027, 0.043905756096628473, 0.017803753445995212, 0.070311739373206714, 0.13761679159999995, 
-0.22187720299255029, 1.5542607775189792, 0.038400180250508932, -0.75501674234751737, -0.012621860091404329, 0.016953779800672177, 0.069959446031484102, 0.13761679159999995, 
-0.32537469413927839, 1.548689329474809, 0.040667066763447036, -0.74855894451138383, -0.068100304604315307, 0.015983736306879843, 0.069607430997080555, 0.13761679159999995, 
-0.42774534785936968, 1.5355627747447436, 0.042792985840141282, -0.738669233814648, -0.12240263044768965, 0.014905838693885391, 0.069255146327466391, 0.13761679159999995, 
-0.52852589776796799, 1.5150530040426913, 0.044763140926046337, -0.72547692317570123, -0.17538459083268607, 0.013720733273919709, 0.068903264059015354, 0.13761679159999995, 
-0.62727106664841736, 1.4873507009918678, 0.046563274406448217, -0.70911433111710775, -0.22691694208138985, 0.012435619701371709, 0.068551479157049566, 0.13761679159999995, 
-0.72355383638109061, 1.4526638610379787, 0.048180180814692469, -0.68971469502388205, -0.27687701500825623, 0.011058594444390803, 0.068199185817112137, 0.13761679159999995, 
-0.81696487311761856, 1.4112176016104352, 0.049601697075237546, -0.66740197615847829, -0.32513835390289464, 0.009596713779025037, 0.067847063041563627, 0.13761679159999995, 
-0.9071116852617428, 1.3632531306221942, 0.050817216319753521, -0.6422971997651562, -0.37159336663422837, 0.0080655478416276453, 0.067494769702100041, 0.13761679159999995, 
-0.99361974271401687, 1.3090275729749796, 0.051816958375682211, -0.614540609707805, -0.41611811019296435, 0.0064615309492977611, 0.067142476363322573, 0.13761679159999995, 
-1.0761321379829398, 1.2488138478812805, 0.052591966541277298, -0.58424827990771155, -0.45860684641053717, 0.0048002198478638725, 0.066790600933865005, 0.13761679159999995, 
-1.1543080271756951, 1.1829009876378498, 0.05313519478798627, -0.55153781986962103, -0.49893099724363527, 0.0030938241877188849, 0.066441694663851497, 0.13761679159999995, 
Control
100, 3
ux [THRUSTU], uy [THRUSTU], uz [THRUSTU], 
0.00071736510768851975, 0.0014793071332217457, -0.00037319999114645126, 
0.00074186117370034482, 0.0014509130628428228, -0.00043070305682380743, 
0.00081067177756514899, 0.0013975309816186394, -0.00048309738032905762, 
0.00090351103102514216, 0.0013323256953713966, -0.00048811051491402807, 
0.0010391715492200767, 0.0012256243563262027, -0.00050483770200843105, 
0.0011767455515035387, 0.0011046854898860614, -0.00048571183892355833, 
0.0012880076274459692, 0.00099303409379710881, -0.00044274795283345836, 
0.0013635342109883087, 0.00091592121791862313, -0.00038148054724294065, 
0.0014089032075392184, 0.00087089362350658368, -0.00031556795674990228, 
0.0014328608718786728, 0.0008485627985918904, -0.00026479284350572785, 
0.0014251693333343753, 0.00087985614131907389, -0.00019598519482254699, 
0.00139927521305886, 0.00093145146482560555, -0.00012939240448074264, 
0.0013869630234962023, 0.00095620997581325189, -5.8998386386271645e-05, 
0.0013041709103201089, 0.0010690192238933954, 8.5675417448512128e-07, 
0.0012418527193289125, 0.0011384081431235864, 6.5981927442882127e-05, 
0.0011708945687956055, 0.001205978445881263, 0.00013446018225514913, 
0.0010947225005451401, 0.0012629283610695674, 0.00020692856206523441, 
0.00056289611256494631, 0.0015404765498185035, 0.000389466137075163, 
0.00065169193180077069, 0.0015212429090445962, 0.00032294620933422694, 
0.00088017802151619704, 0.0013665228220387849, 0.00044896178167661325, 
0.00084717148706909651, 0.001344751587234378, 0.0005635674708924733, 
0.00035150100019694114, 0.0012471452170985991, 0.00078064338555942361, 
0.00086845039097694775, 0.0011549048094325397, 0.00086720750437310561, 
0.0008324826644323549, 0.0011352131383623712, 0.00092840098988833061, 
6.6266974610477343e-05, 6.2855664463130494e-05, 1.6428671421445547e-05, 
0.00095892224456621306, 0.00060789652189115065, 0.0012388261236517607, 
0.00032440818415606571, -0.00030689265154025465, 0.00034736109458740342, 
-4.6529881461560279e-06, -2.2592078327525536e-05, 4.0864154077740645e-06, 
-5.2771952505074645e-08, 4.1750236730360448e-08, -3.3314068376031924e-08, 
-7.5336180840028274e-08, -8.759155950856227e-08, 3.1908545735934771e-08, 
0.0013586476522917566, -0.0005192081509342246, 0.00084827320278435092, 
0.001393974147493519, -0.00066505874465445892, 0.00067518491656880599, 
0.001371742483722667, -0.00083158924236744836, 0.000519168259317449, 
0.0014336080222704163, -0.00075441476802897464, 0.00046696165235735867, 
0.0014541389754192207, -0.00076173086842535882, 0.0003858893354457043, 
0.0014410784788348873, -0.00082821958398246519, 0.00028461980597920965, 
0.0014023635840129636, -0.00091986269282252279, 0.0001757508133156683, 
0.0013414365129079987, -0.0010182395741538757, 6.5900386229139616e-05, 
0.001153179948419434, -0.0012274687273203136, -6.0610016683746579e-05, 
0.0011105594588663964, -0.001260790548166411, -0.00014397755409918008, 
0.00092581977182860096, -0.0013964960981912194, -0.0001844268933422498, 
0.00093469588867669488, -0.001383178835967112, -0.00023251666124172673, 
0.00090510243568231973, -0.0013980020292452728, -0.00025592475931250386, 
0.00090348108358039654, -0.0013963623230402998, -0.00026764680713485382, 
0.00092747418374284122, -0.0013811742968517055, -0.00027150874620835927, 
0.00097280730567053978, -0.0013504925146777644, -0.00027014413889458062, 
0.0010295331697863588, -0.0013088276243986368, -0.00026354612057873751, 
0.0010996151717875447, -0.0012521439097063509, -0.00025451933321138788, 
0.0011777450627905727, -0.0011810694333274248, -0.00024346011947831681, 
0.0012602610140775702, -0.0010951322254636197, -0.00023087121546483524, 
0.0013436737859360897, -0.00099397265957824909, -0.00021710020332765668, 
0.0014245594916741061, -0.00087752365268506589, -0.00020238103689887207, 
0.0014995485122248897, -0.00074613002420440661, -0.00018686707982845053, 
0.0015653679292458168, -0.00060063677818298895, -0.00017065649117607606, 
0.0016189261577200388, -0.00044244289784410454, -0.00015381536373749685, 
0.0016574240208230982, -0.00027353732841989915, -0.00013639475991939469, 
0.001678495562623773, -9.6485744947030273e-05, -0.00011843934015805601, 
0.0016803577265778176, 8.5651998185729775e-05, -9.9990445590408385e-05, 
0.001661937688273607, 0.00026946261441058501, -8.1086364856523536e-05, 
0.0016229475223016559, 0.00045139022887841424, -6.1767979596527491e-05, 
0.0015638908828827128, 0.00062794305578033776, -4.2080603641003296e-05, 
0.0014859998925525113, 0.00079590090691079559, -2.207331460410574e-05, 
0.0013911073963759418, 0.00095249238091362366, -1.7965887854634447e-06, 
0.0012814750359943802, 0.0010955141245719341, 1.8701464995410248e-05, 
0.001159603051441491, 0.0012233829399824962, 3.9382128574101002e-05, 
0.0010280523668507681, 0.0013351216021497661, 6.0234508101169448e-05, 
0.00088930108023489154, 0.0014302877292941124, 8.1345606048604301e-05, 
0.00074559867632475346, 0.0015088770856248454, 0.00010319160505650132, 
0.00059877836676992791, 0.0015712706661529102, 0.00012603189927371794, 
0.00045094530885985551, 0.0016179928381848522, 0.0001485077925858389, 
0.00030071364496544567, 0.0016506298752716705, 0.00016804805607447497, 
0.00015126996398866905, 0.0016688569700635085, 0.00018760141303385801, 
4.4174549574880253e-06, 0.0016734558912819561, 0.00020632599520491949, 
-0.00014020066457204661, 0.0016651391545350449, 0.00022486346577505463, 
-0.00028252452380737571, 0.001644339595213445, 0.00024307744754136751, 
-0.00042242942864114167, 0.0016112690796281207, 0.00026071409362107796, 
-0.00055980038816055161, 0.0015659057125896937, 0.00027752617981217741, 
-0.00069449294052933335, 0.0015079801795366639, 0.00029325401227396132, 
-0.00082625364341511577, 0.0014369740799769777, 0.00030760311534647487, 
-0.00095462100422974395, 0.0013521391995596611, 0.0003202264298890219, 
-0.0010788102801684901, 0.0012525491593207299, 0.0003307118970044221, 
-0.001197588151858188, 0.0011371971515222346, 0.00033857586930887866, 
-0.0013091440159238505, 0.0010051500559138673, 0.00034326608685065921, 
-0.0014109361986078006, 0.0008557397009706975, 0.00034417509000127434, 
-0.001499824231803852, 0.00068819713731698557, 0.00034723961115790917, 
-0.0015727344414155076, 0.00050560918687704885, 0.00033842149538070417, 
-0.0016256602994051341, 0.00030939388105521347, 0.00032429525709120558, 
-0.0016553444385727879, 0.00010409751528537192, 0.00030440419930835165, 
-0.0016600292986164156, -0.00010634780341042914, 0.00027524778821836775, 
-0.001638342428607509, -0.0003120755352294076, 0.00024921164665621832, 
-0.0015934023333953999, -0.00050531116322361305, 0.0002119009972274326, 
-0.0015271709803106495, -0.0006923573801610424, 0.0001786438926222079, 
-0.0014417235563272479, -0.00085897174242281727, 0.00014363837458531776, 
-0.0013439167785697921, -0.0010085626767989133, 0.00011022933165707332, 
-0.0012388878429372852, -0.0011413153256425253, 7.886655473174402e-05, 
-0.0011260747951051643, -0.0012531807215825279, 4.9020524744826999e-05, 
-0.0010074408338043516, -0.0013520757379064971, 2.4857626140570642e-05, 
-0.00089513339732316764, -0.001429122287948827, -3.0760062595531187e-06, 
-0.00077929166335725345, -0.0014929762575055078, -2.5448299191450058e-05, 
-0.00066205694037609357, -0.0015326418157507709, -4.4005919140372492e-05, 
Departure orbit
200, 8
x [LU], y [LU], z [LU], vx [VU], vy [VU], vz [VU], mass [MASSU], dt [TU], 
-0.94051935593492386, -0.34502114073205192, 6.5508953798230768e-06, 0.32817515972135403, -0.94270842740721961, 1.4563605439061728e-05, 0.10000000000000001, 0.031573199203454763, 
-0.92969355372461027, -0.37460960916098879, 7.0073934823442188e-06, 0.35751954562026694, -0.93141727209472336, 1.4350872669802296e-05, 0.10000000000000001, 0.031573199203454763, 
-0.91794748700458551, -0.4038272760403826, 7.4569553994560896e-06, 0.38646461766288881, -0.91922244905654471, 1.4124276945466738e-05, 0.10000000000000001, 0.031573199203454763, 
-0.90529419346164952, -0.43264584070021406, 7.8991475897036083e-06, 0.41498322829786111, -0.9061387217411575, 1.3884083503937771e-05, 0.10000000000000001, 0.031573199203454763, 
-0.89174755879710998, -0.46103748079272699, 8.3335450687933043e-06, 0.44304881085752418, -0.89218162188599459, 1.3630569091400289e-05, 0.10000000000000001, 0.031573199203454763, 
-0.87732229809444673, -0.48897487616291152, 8.7597317664797243e-06, 0.47063539786850123, -0.87736742497903641, 1.3364021552347783e-05, 0.10000000000000001, 0.031573199203454763, 
-0.86203393662624661, -0.51643123194137863, 9.1773008704818493e-06, 0.4977176382639118, -0.86171312554824753, 1.3084739418124443e-05, 0.10000000000000001, 0.031573199203454763, 
-0.84589879013474145, -0.54338030085498323, 9.5858551573954397e-06, 0.52427081351975013, -0.8452364123286088, 1.279303149476553e-05, 0.10000000000000001, 0.031573199203454763, 
-0.82893394461953052, -0.56979640475208282, 9.9850073105906163e-06, 0.55027085274001686, -0.82795564335386906, 1.248921645085456e-05, 0.10000000000000001, 0.031573199203454763, 
-0.81115723566526787, -0.59565445534076189, 1.0374380225105967e-05, 0.57569434671703001, -0.80988982101745832, 1.2173622406071285e-05, 0.10000000000000001, 0.031573199203454763, 
-0.79258722734123177, -0.62092997413971607, 1.0753607299571036e-05, 0.6005185609949768, -0.79105856714428668, 1.1846586521059462e-05, 0.10000000000000001, 0.031573199203454763, 
-0.77324319070378533, -0.64559911164276096, 1.1122332715208198e-05, 0.62472144796619511, -0.77148209811241364, 1.1508454589198357e-05, 0.10000000000000001, 0.031573199203454763, 
-0.75314508193178575, -0.66963866569912023, 1.1480211701982666e-05, 0.64828165803090343, -0.75118120006081657, 1.1159580630816821e-05, 0.10000000000000001, 0.031573199203454763, 
-0.73231352012401418, -0.69302609911274715, 1.1826910791985639e-05, 0.67117854985213532, -0.73017720421674059, 1.080032649034408e-05, 0.10000000000000001, 0.031573199203454763, 
-0.71076976478667964, -0.71573955646494691, 1.2162108060150573e-05, 0.69339219973848343, -0.70849196237336853, 1.0431061436846877e-05, 0.10000000000000001, 0.031573199203454763, 
-0.68853569303801176, -0.73775788016549648, 1.2485493352415952e-05, 0.71490341018792181, -0.68614782254584006, 1.0052161768358918e-05, 0.10000000000000001, 0.031573199203454763, 
-0.66563377655589806, -0.75906062573829836, 1.279676850146021e-05, 0.73569371762647329, -0.66316760483096182, 9.6640104203654297e-06, 0.10000000000000001, 0.031573199203454763, 
-0.64208705829344881, -0.77962807634836773, 1.3095647530145086e-05, 0.75574539937580787, -0.63957457749331537, 9.2669965787634795e-06, 0.10000000000000001, 0.031573199203454763, 
-0.61791912898629486, -0.79944125657762188, 1.3381856842813323e-05, 0.77504147988402694, -0.61539243329787929, 8.8615152975774373e-06, 0.10000000000000001, 0.031573199203454763, 
-0.59315410347434061, -0.81848194545754149, 1.365513540459466e-05, 0.79356573625389737, -0.59064526610674917, 8.4479671216688417e-06, 0.10000000000000001, 0.031573199203454763, 
-0.56781659685961416, -0.83673268876728768, 1.3915234908881104e-05, 0.81130270310266983, -0.56535754775507396, 8.0267577146410537e-06, 0.10000000000000001, 0.031573199203454763, 
-0.54193170052078377, -0.85417681060629536, 1.4161919933138169e-05, 0.82823767678734384, -0.53955410521893499, 7.598297492101325e-06, 0.10000000000000001, 0.031573199203454763, 
-0.51552495800384557, -0.87079842425073306, 1.4394968083223299e-05, 0.84435671902884513, -0.51326009808556616, 7.1630012604066713e-06, 0.10000000000000001, 0.031573199203454763, 
-0.48862234080744005, -0.88658244230350824, 1.4614170126386163e-05, 0.85964665996806, -0.48650099633408472, 6.7212878609850442e-06, 0.10000000000000001, 0.031573199203454763, 
-0.46125022408022143, -0.90151458614772373, 1.4819330113127853e-05, 0.87409510068604046, -0.45930255843273893, 6.2735798202898466e-06, 0.10000000000000001, 0.031573199203454763, 
-0.43343536224669971, -0.91558139471364386, 1.5010265488097351e-05, 0.88769041521995129, -0.43169080975662, 5.8203030054139863e-06, 0.10000000000000001, 0.031573199203454763, 
-0.40520486457698762, -0.92877023256932834, 1.5186807190203939e-05, 0.90042175210549713, -0.40369202132780496, 5.3618862853592787e-06, 0.10000000000000001, 0.031573199203454763, 
-0.37658617071492984, -0.94106929734511613, 1.534879974212371e-05, 0.91227903547563616, -0.37533268887801852, 4.8987611979282831e-06, 0.10000000000000001, 0.031573199203454763, 
-0.34760702617816663, -0.95246762650212291, 1.5496101329376766e-05, 0.92325296574437699, -0.34663951223211503, 4.4313616221784965e-06, 0.10000000000000001, 0.031573199203454763, 
-0.31829545784279256, -0.96295510345483148, 1.5628583869149477e-05, 0.93333501990336609, -0.31763937500899064, 3.9601234563532932e-06, 0.10000000000000001, 0.031573199203454763, 
-0.28867974942441238, -0.97252246305772205, 1.5746133069033035e-05, 0.9425174514578134, -0.28835932463494496, 3.4854843011801034e-06, 0.10000000000000001, 0.031573199203454763, 
-0.25878841696657889, -0.98116129646570971, 1.5848648475845743e-05, 0.95079329002708202, -0.25882655266301735, 3.0078831484040685e-06, 0.10000000000000001, 0.031573199203454763, 
-0.22865018434681719, -0.98886405537792954, 1.5936043514701992e-05, 0.9581563406339868, -0.22906837539042879, 2.527760074404775e-06, 0.10000000000000001, 0.031573199203454763, 
-0.19829395880970185, -0.99562405567413892, 1.6008245518485737e-05, 0.96460118270551531, -0.19911221476496427, 2.0455559387246604e-06, 0.10000000000000001, 0.031573199203454763, 
-0.16774880653575744, -1.0014354804526999, 1.6065195747880646e-05, 0.97012316880630611, -0.1689855795699339, 1.5617120873203126e-06, 0.10000000000000001, 0.031573199203454763, 
-0.1370439282543022, -1.006293382478759, 1.6106849402102814e-05, 0.97471842312480161, -0.13871604687625369, 1.0766700603321115e-06, 0.10000000000000001, 0.031573199203454763, 
-0.10620863490774844, -1.0101936860508645, 1.6133175620475308e-05, 0.97838383973053666, -0.10833124374918518, 5.9087130415347444e-07, 0.10000000000000001, 0.031573199203454763, 
-0.075272323374313332, -1.0131331882938515, 1.6144157474976662e-05, 0.98111708061954361, -0.07785882919637177, 1.0475688756838052e-07, 0.10000000000000001, 0.031573199203454763, 
-0.044264452255582183, -1.0151095598853939, 1.6139791953887969e-05, 0.9829165735633375, -0.047326476343002424, -3.8123277828520743e-07, 0.10000000000000001, 0.031573199203454763, 
-0.013214517734901485, -1.016121345223159, 1.6120089936655435e-05, 0.98378150977542023, -0.016761854819223349, -8.666582163778859e-07, 0.10000000000000001, 0.031573199203454763, 
0.017847970487836377, -1.0161679620390238, 1.6085076160077118e-05, 0.98371184140768619, 0.013807386655697588, -1.3510811569371705e-06, 0.10000000000000001, 0.031573199203454763, 
0.048893513179821026, -1.0152497004663148, 1.6034789175914328e-05, 0.98270827888755263, 0.044353637508471294, -1.8340648075479902e-06, 0.10000000000000001, 0.031573199203454763, 
0.07989264547248609, -1.0133677215655157, 1.5969281300019657e-05, 0.98077228810506489, 0.074849342382599215, -2.3151741204766343e-06, 0.10000000000000001, 0.031573199203454763, 
0.11081596066759362, -1.010524055313371, 1.5888618553064943e-05, 0.97790608745764418, 0.10526701806168086, -2.7939760574929974e-06, 0.10000000000000001, 0.031573199203454763, 
0.14163413394784669, -1.006721598059769, 1.57928805929438e-05, 0.97411264475856874, 0.13557927026224795, -3.2700398524680651e-06, 0.10000000000000001, 0.031573199203454763, 
0.1723179459878029, -1.0019641094562555, 1.5682160638914571e-05, 0.96939567401369353, 0.16575881031331371, -3.7429372720242462e-06, 0.10000000000000001, 0.031573199203454763, 
0.20283830646097925, -0.99625620885948296, 1.5556565387540833e-05, 0.96375963206933934, 0.19577847173989382, -4.212242874515436e-06, 0.10000000000000001, 0.031573199203454763, 
0.23316627743910628, -0.98960337121235387, 1.541621492047779e-05, 0.95720971513270914, 0.22561122676773598, -4.6775342676115675e-06, 0.10000000000000001, 0.031573199203454763, 
0.26327309667950771, -0.9820119224050744, 1.5261242604144373e-05, 0.94975185516462879, 0.25523020276638925, -5.1383923647589301e-06, 0.10000000000000001, 0.031573199203454763, 
0.29313020079655044, -0.97348903411779852, 1.5091794981312301e-05, 0.94139271614286379, 0.28460869864755112, -5.5944016407827052e-06, 0.10000000000000001, 0.031573199203454763, 
0.32270924831303177, -0.96404271814601061, 1.4908031654635058e-05, 0.93213969019272558, 0.31372020123535194, -6.0451503868919803e-06, 0.10000000000000001, 0.031573199203454763, 
0.3519821425872407, -0.95368182020927317, 1.471012516213164e-05, 0.9220008935801739, 0.34253840162487492, -6.4902309653400335e-06, 0.10000000000000001, 0.031573199203454763, 
0.38092105461125753, -0.9424160132434608, 1.4498260844632089e-05, 0.91098516256112105, 0.37103721154476205, -6.9292400639838701e-06, 0.10000000000000001, 0.031573199203454763, 
0.4094984456758321, -0.93025579017610738, 1.4272636705184254e-05, 0.89910204907918256, 0.39919077973922595, -7.3617789509768929e-06, 0.10000000000000001, 0.031573199203454763, 
0.43768708989691513, -0.9172124561840197, 1.4033463260414065e-05, 0.88636181630267208, 0.4269735083841758, -7.7874537298172375e-06, 0.10000000000000001, 0.031573199203454763, 
0.46546009659860188, -0.9032981204318582, 1.3780963383824694e-05, 0.87277543399023005, 0.4543600695514694, -8.2058755949616177e-06, 0.10000000000000001, 0.031573199203454763, 
0.4927909325468936, -0.8885256872899534, 1.3515372141013675e-05, 0.8583545736730982, 0.48132542173452608, -8.6166610882006887e-06, 0.10000000000000001, 0.031573199203454763, 
0.51965344402827895, -0.87290884702922278, 1.3236936616780987e-05, 0.8431116036407077, 0.50784482644767737, -9.019432355976702e-06, 0.10000000000000001, 0.031573199203454763, 
0.54602187876669905, -0.85646206599067776, 1.2945915734095747e-05, 0.82705958371495136, 0.53389386491069368, -9.4138174078079268e-06, 0.10000000000000001, 0.031573199203454763, 
0.57187090767197624, -0.83920057622666333, 1.2642580064884191e-05, 0.81021225979724876, 0.55944845482890415, -9.7994503759666561e-06, 0.10000000000000001, 0.031573199203454763, 
0.59717564641226528, -0.82114036461066298, 1.2327211632597273e-05, 0.79258405817130473, 0.58448486727823024, -1.0175971776538835e-05, 0.10000000000000001, 0.031573199203454763, 
0.62191167680253001, -0.8022981614122231, 1.2000103706512542e-05, 0.77419007954329699, 0.60897974370327446, -1.0543028771973323e-05, 0.10000000000000001, 0.031573199203454763, 
0.64605506800045065, -0.78269142833331717, 1.1661560587721794e-05, 0.7550460928001268, 0.63291011303535127, -1.0900275435207644e-05, 0.10000000000000001, 0.031573199203454763, 
0.66958239750054038, -0.76233834600227035, 1.1311897386753659e-05, 0.73516852846531477, 0.65625340893601158, -1.1247373015434747e-05, 0.10000000000000001, 0.031573199203454763, 
0.69247077191659134, -0.74125780092121352, 1.095143979277862e-05, 0.71457447183114065, 0.67898748717020607, -1.1583990205551798e-05, 0.10000000000000001, 0.031573199203454763, 
0.7146978475418756, -0.71946937186292659, 1.0580523834343006e-05, 0.69328165574470624, 0.70109064311174674, -1.1909803411307501e-05, 0.10000000000000001, 0.031573199203454763, 
0.73624185067581338, -0.69699331571287404, 1.0199495631578407e-05, 0.67130845302475439, 0.72254162938216715, -1.2224497022138697e-05, 0.10000000000000001, 0.031573199203454763, 
0.75708159770507133, -0.67385055275222416, 9.8087111398336994e-06, 0.64867386848530773, 0.74331967362245432, -1.2527763683660347e-05, 0.10000000000000001, 0.031573199203454763, 
0.77719651492629249, -0.65006265137768637, 9.4085358846783683e-06, 0.6253975305414976, 0.7634044963954234, -1.2819304571745237e-05, 0.10000000000000001, 0.031573199203454763, 
0.79656665809686833, -0.62565181225410227, 8.9993446882283532e-06, 0.60149968237235496, 0.78277632921473717, -1.3098829668100981e-05, 0.10000000000000001, 0.031573199203454763, 
0.81517273169935933, -0.60064085189587679, 8.5815213867489654e-06, 0.57700117261482042, 0.80141593269474176, -1.3366058037222315e-05, 0.10000000000000001, 0.031573199203454763, 
0.83299610790435152, -0.57505318567355301, 8.1554585394937971e-06, 0.55192344556281558, 0.81930461481338923, -1.3620718104566101e-05, 0.10000000000000001, 0.031573199203454763, 
0.85001884521570614, -0.54891281024210858, 7.7215571287438239e-06, 0.52628853084490568, 0.83642424927856551, -1.3862547935765083e-05, 0.10000000000000001, 0.031573199203454763, 
0.86622370678131633, -0.5222442853878857, 7.2802262510172462e-06, 0.50011903255387768, 0.85275729398612665, -1.4091295516664321e-05, 0.10000000000000001, 0.031573199203454763, 
0.88159417835164644, -0.49507271529147334, 6.8318827994279208e-06, 0.47343811780146483, 0.86828680955588422, -1.4306719033931434e-05, 0.10000000000000001, 0.031573199203454763, 
0.89611448586748033, -0.46742372920432407, 6.3769511371786428e-06, 0.4462695046714758, 0.88299647792966773, -1.4508587155958281e-05, 0.10000000000000001, 0.031573199203454763, 
0.90976961265746403, -0.43932346153742513, 5.9158627621849748e-06, 0.41863744954473736, 0.89687062101343806, -1.4696679313737795e-05, 0.10000000000000001, 0.031573199203454763, 
0.92254531622519254, -0.41079853136094591, 5.4490559628358659e-06, 0.39056673376953888, 0.90989421934323556, -1.4870785981365253e-05, 0.10000000000000001, 0.031573199203454763, 
0.93442814460476631, -0.38187602131445747, 4.9769754649088908e-06, 0.36208264965168463, 0.92205293075252182, -1.5030708955778518e-05, 0.10000000000000001, 0.031573199203454763, 
0.94540545226293449, -0.35258345592806445, 4.5000720696707016e-06, 0.33321098573881369, 0.93333310901623057, -1.5176261635316826e-05, 0.10000000000000001, 0.031573199203454763, 
0.95546541552514896, -0.32294877935560384, 4.0188022832070787e-06, 0.30397801137435249, 0.94372182244457536, -1.5307269296642634e-05, 0.10000000000000001, 0.031573199203454763, 
0.96459704750209541, -0.29300033252195218, 3.5336279370419268e-06, 0.2744104604973156, 0.95320687239739366, -1.542356936953597e-05, 0.10000000000000001, 0.031573199203454763, 
0.97279021249252351, -0.26276682968744186, 3.0450158001205847e-06, 0.24453551466518073, 0.96177681168752749, -1.5525011709035866e-05, 0.10000000000000001, 0.031573199203454763, 
0.9800356398375053, -0.23227733443341625, 2.5534371822499611e-06, 0.21438078527822979, 0.9694209628394781, -1.5611458864368865e-05, 0.10000000000000001, 0.031573199203454763, 
0.98632493720058434, -0.20156123507405696, 2.0593675291062323e-06, 0.18397429498508239, 0.97612943616732228, -1.5682786344070506e-05, 0.10000000000000001, 0.031573199203454763, 
0.9916506032476623, -0.17064821950078596, 1.563286008940117e-06, 0.15334445825064391, 0.9818931476336582, -1.5738882876672189e-05, 0.10000000000000001, 0.031573199203454763, 
0.99600603969990376, -0.13956824946679, 1.0656750911300822e-06, 0.1225200610693611, 0.98670383644916393, -1.577965066629322e-05, 0.10000000000000001, 0.031573199203454763, 
0.99938556273242718, -0.10835153432052196, 5.6702011675518763e-07, 0.091530239808517475, 0.99055408237022469, -1.5805005642446077e-05, 0.10000000000000001, 0.031573199203454763, 
1.0017844136911007, -0.07702850419841184, 6.7808861381590693e-08, 0.060404459168316396, 0.99343732265001161, -1.5814877703332531e-05, 0.10000000000000001, 0.031573199203454763, 
1.0031987690993753, -0.045629782688459311, -4.3146890971997504e-07, 0.029172489247687602, 0.99534786859639957, -1.5809210951879155e-05, 0.10000000000000001, 0.031573199203454763, 
1.0036257499267771, -0.014186158977882307, -9.303218936842848e-07, -0.002135618292882226, 0.9962809216882067, -1.578796392373316e-05, 0.10000000000000001, 0.031573199203454763, 
1.0030634300904442, 0.017271440500443179, -1.4282577092227927e-06, -0.033489554977657779, 0.99623258919943081, -1.5751109806413879e-05, 0.10000000000000001, 0.031573199203454763, 
1.0015108441609419, 0.04871198090640122, -1.9247833625636244e-06, -0.064858781174555277, 0.99519989927946473, -1.5698636648791507e-05, 0.10000000000000001, 0.031573199203454763, 
0.99896799424352711, 0.080104348297893507, -2.4194057198416274e-06, -0.096212552667209628, 0.99318081543571302, -1.5630547560043196e-05, 0.10000000000000001, 0.031573199203454763, 
0.99543585600605933, 0.11141737938320369, -2.9116319855925831e-06, -0.12751994813774023, 0.9901742503636114, -1.5546860897217738e-05, 0.10000000000000001, 0.031573199203454763, 
0.99091638382488578, 0.14261989169897879, -3.400970186977973e-06, -0.15874989755454413, 0.98618007906779115, -1.5447610440523613e-05, 0.10000000000000001, 0.031573199203454763, 
0.98541251502026117, 0.17368071419054415, -3.8869296633385418e-06, -0.18987121145608837, 0.98119915121704238, -1.5332845555441994e-05, 0.10000000000000001, 0.031573199203454763, 
0.97892817315319902, 0.20456871816944314, -4.3690215606463517e-06, -0.22085261111817123, 0.97523330267482755, -1.5202631340755846e-05, 0.10000000000000001, 0.031573199203454763, 
0.97146827035610706, 0.23525284862124204, -4.8467593303962119e-06, -0.25166275958848244, 0.96828536614640226, -1.5057048761579589e-05, 0.10000000000000001, 0.031573199203454763, 
0.96303870867012775, 0.2657021558347718, -5.3196592324484053e-06, -0.28227029356852662, 0.96035918088311545, -1.4896194766470317e-05, 0.10000000000000001, 0.031573199203454763, 
0.95364638036279559, 0.29588582732209617, -5.7872408413055998e-06, -0.31264385611909346, 0.95145960138420993, -1.4720182387702155e-05, 0.10000000000000001, 0.031573199203454763, 
0.94329916720043794, 0.32577321999661257, -6.2490275552779216e-06, -0.34275213016147493, 0.94159250503643865, -1.4529140823789757e-05, 0.10000000000000001, 0.031573199203454763, 
0.93200593865068615, 0.35533389257480896, -6.7045471079613975e-06, -0.37256387274256025, 0.93076479863205863, -1.4323215503355595e-05, 0.10000000000000001, 0.031573199203454763, 
0.91977654899153816, 0.38453763816533221, -7.1533320814266213e-06, -0.40204795002779747, 0.91898442370628641, -1.4102568129448693e-05, 0.10000000000000001, 0.031573199203454763, 
0.90662183330461332, 0.4133545170071744, -7.5949204204865602e-06, -0.43117337298181452, 0.90626036063609461, -1.3867376703439903e-05, 0.10000000000000001, 0.031573199203454763, 
0.89255360233157943, 0.4417548893169651, -8.0288559473851424e-06, -0.45990933369226095, 0.89260263144332219, -1.3617835527641037e-05, 0.10000000000000001, 0.031573199203454763, 
0.87758463617420102, 0.46970944820357835, -8.4546888762217647e-06, -0.48822524228818409, 0.8780223012464573, -1.3354155185822017e-05, 0.10000000000000001, 0.031573199203454763, 
0.86172867682006038, 0.49718925260653207, -8.8719763264012427e-06, -0.51609076440001156, 0.86253147830715193, -1.307656250083202e-05, 0.10000000000000001, 0.031573199203454763, 
0.8450004194777444, 0.52416576021298533, -9.2802828343742743e-06, -0.54347585910399576, 0.8461433126195369, -1.278530046856733e-05, 0.10000000000000001, 0.031573199203454763, 
0.82741550270715603, 0.55061086030653617, -9.6791808629101757e-06, -0.5703508172898144, 0.82887199299273651, -1.2480628167570297e-05, 0.10000000000000001, 0.031573199203454763, 
0.80899049733261352, 0.57649690649949581, -1.0068251307121788e-05, -0.59668630038592951, 0.81073274257963268, -1.2162820643590578e-05, 0.10000000000000001, 0.031573199203454763, 
0.78974289412852483, 0.60179674929888149, -1.0447083996442185e-05, -0.6224533793733199, 0.79174181280790612, -1.1832168768491537e-05, 0.10000000000000001, 0.031573199203454763, 
0.76969109026968163, 0.62648376845502918, -1.0815278191734135e-05, -0.64762357401433945, 0.7719164756726733, -1.1488979072941391e-05, 0.10000000000000001, 0.031573199203454763, 
0.74885437454058257, 0.65053190504050384, -1.1172443076696581e-05, -0.67216889221973863, 0.75127501435365884, -1.1133573552390272e-05, 0.10000000000000001, 0.031573199203454763, 
0.72725291130068848, 0.67391569320587208, -1.151819824271772e-05, -0.69606186947335968, 0.7298367121237691, -1.0766289445900694e-05, 0.10000000000000001, 0.031573199203454763, 
0.70490772320510109, 0.6966102915579242, -1.1852174166311618e-05, -0.71927560823068393, 0.70762183952016933, -1.0387478987469892e-05, 0.10000000000000001, 0.031573199203454763, 
0.68184067268285575, 0.71859151410509015, -1.2174012678265161e-05, -0.74178381720431441, 0.6846516397534993, -9.9975091295579228e-06, 0.10000000000000001, 0.031573199203454763, 
0.65807444217780897, 0.73983586071410035, -1.2483367423614309e-05, -0.76356085044664201, 0.66094831233567886, -9.5967612386149759e-06, 0.10000000000000001, 0.031573199203454763, 
0.63363251315997238, 0.76032054702140417, -1.2779904311563386e-05, -0.78458174613738774, 0.63653499491184218, -9.1856307624849384e-06, 0.10000000000000001, 0.031573199203454763, 
0.60853914391810227, 0.78002353374248667, -1.3063301954458689e-05, -0.80482226498147047, 0.61143574328727912, -8.7645268696494893e-06, 0.10000000000000001, 0.031573199203454763, 
0.58281934614736242, 0.79892355532202297, -1.3333252094927925e-05, -0.82425892812073809, 0.58567550964583381, -8.3338720603674673e-06, 0.10000000000000001, 0.031573199203454763, 
0.55649886034895468, 0.81700014786778863, -1.3589460020300227e-05, -0.84286905446154836, 0.55928011896199803, -7.8941017498577909e-06, 0.10000000000000001, 0.031573199203454763, 
0.52960413006172435, 0.83423367631140954, -1.3831644963427667e-05, -0.86063079731900538, 0.53227624361490522, -7.4456638237701743e-06, 0.10000000000000001, 0.031573199203454763, 
0.50216227494889198, 0.85060536073938797, -1.4059540489038447e-05, -0.87752318027788301, 0.50469137621856963, -6.9890181662860409e-06, 0.10000000000000001, 0.031573199203454763, 
0.47420106276622598, 0.8660973018383965, -1.4272894864764336e-05, -0.89352613216990218, 0.47655380068897651, -6.524636161291705e-06, 0.10000000000000001, 0.031573199203454763, 
0.44574888024114045, 0.88069250539957944, -1.447147141600046e-05, -0.90862052106709867, 0.44789256157500196, -6.0530001671668271e-06, 0.10000000000000001, 0.031573199203454763, 
0.41683470289535979, 0.89437490582755585, -1.4655048863774307e-05, -0.92278818719153133, 0.41873743168657812, -5.5746029658325678e-06, 0.10000000000000001, 0.031573199203454763, 
0.38748806384692641, 0.90712938860097692, -1.4823421644822737e-05, -0.93601197464255215, 0.38911887805999629, -5.0899471868054013e-06, 0.10000000000000001, 0.031573199203454763, 
0.35773902163042692, 0.91894181163284772, -1.4976400213100982e-05, -0.94827576184429341, 0.3590680263067183, -4.5995447071035822e-06, 0.10000000000000001, 0.031573199203454763, 
0.32761812707735566, 0.9297990254803965, -1.5113811321975871e-05, -0.95956449061792914, 0.32861662339850845, -4.1039160279531446e-06, 0.10000000000000001, 0.031573199203454763, 
0.29715638930151184, 0.9396888923560347, -1.5235498286387055e-05, -0.96986419378564648, 0.2977969989480706, -3.6035896293386108e-06, 0.10000000000000001, 0.031573199203454763, 
0.26638524083722115, 0.94860030389292616, -1.5341321224294459e-05, -0.9791620212161054, 0.26664202505063589, -3.0991013035394976e-06, 0.10000000000000001, 0.031573199203454763, 
0.23533650198097111, 0.95652319762084215, -1.5431157276767715e-05, -0.98744626422447757, 0.23518507475806114, -2.5909934688868527e-06, 0.10000000000000001, 0.031573199203454763, 
0.20404234438973301, 0.96344857211033408, -1.5504900806113746e-05, -0.99470637824392727, 0.2034599792629265, -2.0798144650636493e-06, 0.10000000000000001, 0.031573199203454763, 
0.17253525399180553, 0.96936850074579461, -1.5562463571481797e-05, -1.0009330036896151, 0.17150098387582741, -1.5661178313584611e-06, 0.10000000000000001, 0.031573199203454763, 
0.14084799326843206, 0.97427614409068841, -1.5603774881431027e-05, -1.0061179849409545, 0.13934270288450018, -1.0504615693627831e-06, 0.10000000000000001, 0.031573199203454763, 
0.10901356296671139, 0.97816576081111584, -1.5628781722994005e-05, -1.0102543873729206, 0.10702007338857153, -5.3340739167815858e-07, 0.10000000000000001, 0.031573199203454763, 
0.077065163306420228, 0.98103271712691276, -1.5637448866820093e-05, -1.0133365123726734, 0.074568308208539436, -1.5519958269344701e-08, 0.10000000000000001, 0.031573199203454763, 
0.045036154745287854, 0.98287349476267105, -1.56297589480353e-05, -1.0153599102835866, 0.042022847972047819, 5.0263389783635705e-07, 0.10000000000000001, 0.031573199203454763, 
0.012960018368994318, 0.98368569737438627, -1.5605712522509843e-05, -1.0163213912249529, 0.0094193124845767529, 1.0204859537462568e-06, 0.10000000000000001, 0.031573199203454763, 
-0.019129684026304123, 0.98346805543087867, -1.5565328098280957e-05, -1.0162190337421226, -0.023206548504695432, 1.5374673869884254e-06, 0.10000000000000001, 0.031573199203454763, 
-0.051199350089796883, 0.9822204295326814, -1.5508642141936214e-05, -1.0150521912486048, -0.055818905027917427, 2.0530095710366665e-06, 0.10000000000000001, 0.031573199203454763, 
-0.083215377239958005, 0.97994381215473314, -1.5435709059821624e-05, -1.0128214962286768, -0.088381896997826989, 2.5665448741892719e-06, 0.10000000000000001, 0.031573199203454763, 
-0.11514420308549254, 0.97664032780292975, -1.5346601153998771e-05, -1.0095288621762666, -0.12085968456238406, 3.0775074598897181e-06, 0.10000000000000001, 0.031573199203454763, 
-0.1469523458715318, 0.97231323157837179, -1.524140855293586e-05, -1.0051774832532749, -0.15321649859420708, 3.5853340865590074e-06, 0.10000000000000001, 0.031573199203454763, 
-0.17860644487890581, 0.96696690614697212, -1.5120239116978746e-05, -0.99977183165801675, -0.18541669119306808, 4.0894649049993491e-06, 0.10000000000000001, 0.031573199203454763, 
-0.21007330070414715, 0.96060685711594052, -1.498321831870925e-05, -0.99331765270207728, -0.21742478607906329, 4.589344251427528e-06, 0.10000000000000001, 0.031573199203454763, 
-0.24131991534794736, 0.95323970682253334, -1.4830489098359336e-05, -0.98582195760152846, -0.24920552875397953, 5.084421434203567e-06, 0.10000000000000001, 0.031573199203454763, 
-0.27231353204009495, 0.94487318654431363, -1.4662211694510555e-05, -0.97729301399610047, -0.2807239363088283, 5.5741515123362782e-06, 0.10000000000000001, 0.031573199203454763, 
-0.30302167472947489, 0.93551612714400745, -1.4478563450368331e-05, -0.96774033421752004, -0.31194534675651475, 6.0579960638718079e-06, 0.10000000000000001, 0.031573199203454763, 
-0.33341218716849708, 0.92517844816584172, -1.4279738595960012e-05, -0.95717466133574347, -0.34283546777014667, 6.5354239423043364e-06, 0.10000000000000001, 0.031573199203454763, 
-0.36345327152234563, 0.91387114540398806, -1.4065948006663713e-05, -0.94560795301921052, -0.37336042470955799, 7.0059120191893845e-06, 0.10000000000000001, 0.031573199203454763, 
-0.39311352643469699, 0.90160627696740736, -1.3837418938531635e-05, -0.93305336325246457, -0.40348680782121099, 7.4689459111895422e-06, 0.10000000000000001, 0.031573199203454763, 
-0.42236198448303297, 0.88839694786896595, -1.3594394740926616e-05, -0.91952522196149833, -0.43318171849973591, 7.9240206898395636e-06, 0.10000000000000001, 0.031573199203454763, 
-0.45116814895837359, 0.87425729317016909, -1.3337134547043708e-05, -0.9050390126039386, -0.46241281450294541, 8.3706415723822444e-06, 0.10000000000000001, 0.031573199203454763, 
-0.47950202990616075, 0.85920245971620779, -1.3065912942939517e-05, -0.88961134778765982, -0.4911483540162041, 8.8083245920980469e-06, 0.10000000000000001, 0.031573199203454763, 
-0.50733417936712832, 0.8432485864992344, -1.2781019615740662e-05, -0.87325994298756104, -0.51935723846650983, 9.2365972466294541e-06, 0.10000000000000001, 0.031573199203454763, 
-0.53463572575928975, 0.82641278369085225, -1.2482758981748659e-05, -0.85600358843603463, -0.54700905399153255, 9.6549991228851857e-06, 0.10000000000000001, 0.031573199203454763, 
-0.5613784073446445, 0.80871311038771332, -1.2171449795201872e-05, -0.83786211926806187, -0.57407411147411758, 1.0063082497199034e-05, 0.10000000000000001, 0.031573199203454763, 
-0.58753460472684071, 0.79016855111685513, -1.1847424738495496e-05, -0.818856384006867, -0.60052348505837017, 1.0460412909512715e-05, 0.10000000000000001, 0.031573199203454763, 
-0.61307737232881654, 0.77079899114996708, -1.1511029994697829e-05, -0.79900821148062284, -0.62632904906935072, 1.0846569710451115e-05, 0.10000000000000001, 0.031573199203454763, 
-0.63798046880236781, 0.75062519067813793, -1.1162624803235251e-05, -0.77834037626480268, -0.65146351326459906, 1.1221146580261117e-05, 0.10000000000000001, 0.031573199203454763, 
-0.66221838632463215, 0.72966875790080288, -1.08025809996491e-05, -0.75687656274840998, -0.67590045635212437, 1.1583752018691108e-05, 0.10000000000000001, 0.031573199203454763, 
-0.68576637873963531, 0.70795212108456884, -1.0431282540355086e-05, -0.73464132792546377, -0.69961435771610803, 1.1934009804996646e-05, 0.10000000000000001, 0.031573199203454763, 
-0.70860048850628743, 0.68549849964934528, -1.0049125013359888e-05, -0.71166006301576767, -0.72258062729833572, 1.2271559427368125e-05, 0.10000000000000001, 0.031573199203454763, 
-0.73069757241753641, 0.66233187434073904, -9.6565151359099998e-06, -0.68795895402114549, -0.74477563359024956, 1.2596056481187678e-05, 0.10000000000000001, 0.031573199203454763, 
-0.75203532605876722, 0.63847695654898939, -9.2538702400648743e-06, -0.66356494132497046, -0.7661767296974632, 1.2907173035634708e-05, 0.10000000000000001, 0.031573199203454763, 
-0.77259230697695824, 0.61395915683581115, -8.8416177471998518e-06, -0.63850567844396189, -0.78676227744556548, 1.3204597968271327e-05, 0.10000000000000001, 0.031573199203454763, 
-0.79234795653555945, 0.58880455273138965, -8.4201946324541412e-06, -0.6128094900418678, -0.80651166950301267, 1.3488037267350349e-05, 0.10000000000000001, 0.031573199203454763, 
-0.81128262043351884, 0.56303985586442451, -7.9900468801456325e-06, -0.58650532931480748, -0.82540534950384215, 1.3757214301698512e-05, 0.10000000000000001, 0.031573199203454763, 
-0.82937756787035066, 0.53669237848855689, -7.5516289311771424e-06, -0.55962273485772174, -0.84342483015978476, 1.4011870058135691e-05, 0.10000000000000001, 0.031573199203454763, 
-0.84661500934257761, 0.50978999946873815, -7.1054031234583551e-06, -0.53219178712058912, -0.86055270935808481, 1.4251763346496684e-05, 0.10000000000000001, 0.031573199203454763, 
-0.86297811306029637, 0.4823611297911069, -6.6518391263638975e-06, -0.50424306456182078, -0.87677268424791577, 1.447667097242496e-05, 0.10000000000000001, 0.031573199203454763, 
-0.87845101997597741, 0.45443467765975337, -6.1914133702411381e-06, -0.4758075996045758, -0.89206956332466969, 1.468638787820715e-05, 0.10000000000000001, 0.031573199203454763, 
-0.89301885742092157, 0.42604001324335466, -5.7246084719712496e-06, -0.4469168344996538, -0.9064292765275852, 1.488072725201267e-05, 0.10000000000000001, 0.031573199203454763, 
-0.9066677513480258, 0.39720693313408467, -5.2519126575741131e-06, -0.41760257719615274, -0.91983888337211428, 1.5059520605994147e-05, 0.10000000000000001, 0.031573199203454763, 
-0.91938483718266562, 0.36796562458043469, -4.7738191828319086e-06, -0.38789695731824558, -0.93228657914410695, 1.5222617823791016e-05, 0.10000000000000001, 0.031573199203454763, 
-0.93115826928655532, 0.33834662955464101, -4.2908257528877734e-06, -0.35783238234326437, -0.94376169918827901, 1.5369887178060414e-05, 0.10000000000000001, 0.031573199203454763, 
-0.941977229042399, 0.30838080871430901, -3.8034339417550003e-06, -0.32744149407280404, -0.95425472132850819, 1.5501215318736022e-05, 0.10000000000000001, 0.031573199203454763, 
-0.95183193156998369, 0.27809930531656257, -3.3121486126489871e-06, -0.2967571254848072, -0.96375726646226256, 1.5616507232786515e-05, 0.10000000000000001, 0.031573199203454763, 
-0.96071363108707897, 0.24753350914164018, -2.8174773400287272e-06, -0.26581225805058617, -0.97226209737588221, 1.5715686176310861e-05, 0.10000000000000001, 0.031573199203454763, 
-0.96861462493109263, 0.21671502048132033, -2.319929834207258e-06, -0.23463997959652211, -0.97976311583150399, 1.5798693579867127e-05, 0.10000000000000001, 0.031573199203454763, 
-0.97552825625988127, 0.18567561424589413, -1.8200173693612934e-06, -0.20327344278576776, -0.98625535798013142, 1.5865488927985393e-05, 0.10000000000000001, 0.031573199203454763, 
-0.98144891545242008, 0.15444720424162997, -1.3182522157394866e-06, -0.17174582429071508, -0.99173498815869754, 1.5916049613863021e-05, 0.10000000000000001, 0.031573199203454763, 
-0.98637204023219671, 0.123061807668799, -8.1514707683658397e-07, -0.14009028472229254, -0.99619929113194583, 1.5950370770282384e-05, 0.10000000000000001, 0.031573199203454763, 
-0.99029411453820537, 0.091551509888369187, -3.1121453226730048e-07, -0.10833992937736131, -0.99964666284256598, 1.5968465077827023e-05, 0.10000000000000001, 0.031573199203454763, 
-0.99321266617027437, 0.05994842950343518, 1.9303351296070891e-07, -0.076527769860615463, -1.002076599735263, 1.5970362551502052e-05, 0.10000000000000001, 0.031573199203454763, 
-0.9951262632371628, 0.028284683799347735, 6.9708637211071618e-07, -0.044686686632483555, -1.0034896867223138, 1.5956110306888872e-05, 0.10000000000000001, 0.031573199203454763, 
-0.99603450943741312, -0.0034076454156517014, 1.2004351126895482e-06, -0.012849392529606894, -1.0038875838596888, 1.5925772306982534e-05, 0.10000000000000001, 0.031573199203454763, 
-0.99593803820433635, -0.035096545529685969, 1.7025730841373695e-06, 0.018951602700441675, -1.0032730118039794, 1.5879429090873057e-05, 0.10000000000000001, 0.031573199203454763, 
-0.99483850574774679, -0.066750106369013171, 2.2029964366798135e-06, 0.050684026813411567, -1.0016497361212033, 1.5817177485439453e-05, 0.10000000000000001, 0.031573199203454763, 
-0.99273858302614737, -0.098336552927192455, 2.70120463082461e-06, 0.082315878399632114, -0.99902255051905497, 1.5739130301227547e-05, 0.10000000000000001, 0.031573199203454763, 
-0.98964194668400207, -0.12982427754878711, 3.1967009370217943e-06, 0.11381545910504424, -0.99539725907434262, 1.5645416013680024e-05, 0.10000000000000001, 0.031573199203454763, 
-0.9855532689895169, -0.161181871537011, 3.6889929250433802e-06, 0.14515140471941512, -0.99078065752723232, 1.5536178430879777e-05, 0.10000000000000001, 0.031573199203454763, 
-0.98047820680899378, -0.19237815615697984, 4.1775929426748562e-06, 0.17629271511366582, -0.98518051371349769, 1.5411576348955898e-05, 0.10000000000000001, 0.031573199203454763, 
-0.97442338965432085, -0.22338221300846686, 4.6620185833469165e-06, 0.20720878301262807, -0.97860554720528592, 1.5271783196285532e-05, 0.10000000000000001, 0.031573199203454763, 
-0.96739640684052997, -0.25416341374427404, 5.1417931423713066e-06, 0.2378694215937821, -0.97106540822996101, 1.5116986667605005e-05, 0.10000000000000001, 0.031573199203454763, 
-0.95940579379058255, -0.2846914491125081, 5.6164460614794548e-06, 0.26824489090660059, -0.96257065593539715, 1.4947388349120076e-05, 0.10000000000000001, 0.031573199203454763, 
-0.95046101752465595, -0.31493635730318847, 6.085513361396575e-06, 0.29830592311102194, -0.95313273606868087, 1.4763203335678257e-05, 0.10000000000000001, 0.031573199203454763, 
-0.94057246137118744, -0.3448685515817011, 6.5485380622169796e-06, 0.32802374653728866, -0.94276395813356495, 1.4564659841036261e-05, 0.10000000000000001, 0.031573199203454763, 
Arrival orbit
200, 8
x [LU], y [LU], z [LU], vx [VU], vy [VU], vz [VU], mass [MASSU], dt [TU], 
-1.1543080271930637, 1.1829009876408623, 0.053135194791245115, -0.55153781987552375, -0.49893099725964524, 0.0030938241870149064, 0.050000000000000003, 0.060509895804020081, 
-1.1872101982866081, 1.1522364012332851, 0.053300887480919434, -0.53589389842052981, -0.51453249890115749, 0.0023827094692053592, 0.050000000000000003, 0.060509895804020081, 
-1.2191539892833243, 1.1206416431982102, 0.053423552311376833, -0.51986297227425626, -0.52967434564732108, 0.0016717193331831685, 0.050000000000000003, 0.060509895804020081, 
-1.250116337223123, 1.0881447246885203, 0.053503209669551195, -0.50345675147978985, -0.54435004048049984, 0.00096127752127007611, 0.050000000000000003, 0.060509895804020081, 
-1.2800748855719812, 1.0547740446263814, 0.053539905417841711, -0.48668687599602223, -0.5585532615335308, 0.00025180238479454364, 0.050000000000000003, 0.060509895804020081, 
-1.3090079801492225, 1.0205583794904485, 0.053533710580110028, -0.46956492134910494, -0.57227784946069971, -0.00045629271250589338, 0.050000000000000003, 0.060509895804020081, 
-1.3368946654139213, 0.98552687384656135, 0.0534847210520751, -0.45210240484533615, -0.58551779549228644, -0.0011625989916138274, 0.050000000000000003, 0.060509895804020081, 
-1.363714681143418, 0.94970903158061559, 0.053393057336050417, -0.43431079231330716, -0.59826723017115535, -0.0018667118566509334, 0.050000000000000003, 0.060509895804020081, 
-1.3894484595350556, 0.91313470779238526, 0.053258864299923998, -0.41620150534552725, -0.61052041276990787, -0.0025682304952871844, 0.050000000000000003, 0.060509895804020081, 
-1.4140771227605191, 0.87583410130915262, 0.05308231096024086, -0.39778592901196685, -0.62227172138735842, -0.003266757481791227, 0.050000000000000003, 0.060509895804020081, 
-1.4375824810005489, 0.83783774777806985, 0.052863590289209492, -0.37907542002001821, -0.63351564372350466, -0.0039618983833309817, 0.050000000000000003, 0.060509895804020081, 
-1.4599470309863203, 0.79917651329620565, 0.05260291904541816, -0.36008131529726017, -0.64424676853274854, -0.0046532613700992851, 0.050000000000000003, 0.060509895804020081, 
-1.4811539550724011, 0.75988158853722554, 0.052300537628012872, -0.34081494097513698, -0.6544597777558524, -0.005340456829812444, 0.050000000000000003, 0.060509895804020081, 
-1.501187120864923, 0.71998448333360132, 0.051956709954056331, -0.32128762175320369, -0.66414943933198223, -0.0060230969871097589, 0.050000000000000003, 0.060509895804020081, 
-1.5200310814274156, 0.67951702167312911, 0.051571723358755685, -0.30151069062496755, -0.67331060069318627, -0.0067007955283692206, 0.050000000000000003, 0.060509895804020081, 
-1.5376710760856394, 0.63851133706836516, 0.051145888518215936, -0.28149549894754783, -0.68193818294476838, -0.0073731672324484614, 0.050000000000000003, 0.060509895804020081, 
-1.554093031851709, 0.59699986825734008, 0.050679539394345101, -0.2612534268383962, -0.6900271757362314, -0.0080398276078605651, 0.050000000000000003, 0.060509895804020081, 
-1.5692835654868149, 0.55501535519359135, 0.050173033201506116, -0.24079589388315287, -0.69757263282878257, -0.0087003925369013892, 0.050000000000000003, 0.060509895804020081, 
-1.5832299862209005, 0.51259083528314831, 0.049626750394478898, -0.22013437013936726, -0.70456966836679491, -0.0093544779272584089, 0.050000000000000003, 0.060509895804020081, 
-1.5959202991467536, 0.46975963982561181, 0.04904109467726344, -0.19928038742127041, -0.71101345386209958, -0.010001699371650895, 0.050000000000000003, 0.060509895804020081, 
-1.6073432093050724, 0.42655539061588954, 0.04841649303222053, -0.17824555085105825, -0.71689921590154249, -0.010641671816077088, 0.050000000000000003, 0.060509895804020081, 
-1.617488126476196, 0.38301199666246433, 0.047753395769011213, -0.15704155066221445, -0.72222223458985024, -0.011274009237276259, 0.050000000000000003, 0.060509895804020081, 
-1.6263451706933145, 0.33916365097729595, 0.047052276592757993, -0.13568017424027029, -0.72697784274152755, -0.011898324330051769, 0.050000000000000003, 0.060509895804020081, 
-1.6339051784910679, 0.29504482739157489, 0.046313632690810451, -0.11417331838605803, -0.73116142583722521, -0.012514228205145621, 0.050000000000000003, 0.060509895804020081, 
-1.6401597099025385, 0.25069027735055777, 0.045537984837454686, -0.092533001785956054, -0.7347684227617709, -0.013121330098405508, 0.050000000000000003, 0.060509895804020081, 
-1.6451010562166699, 0.20613502663962155, 0.04472587751585938, -0.07077137767284386, -0.737794327342843, -0.013719237092041882, 0.050000000000000003, 0.060509895804020081, 
-1.6487222485071367, 0.16141437199247033, 0.043877879056501298, -0.048900746660471464, -0.74023469071106385, -0.014307553848835182, 0.050000000000000003, 0.060509895804020081, 
-1.6510170669426008, 0.1165638775311159, 0.042994581791258805, -0.026933569732693972, -0.74208512450410091, -0.014885882360222027, 0.050000000000000003, 0.060509895804020081, 
-1.6519800508871316, 0.071619370985832903, 0.042076602222303708, -0.0048824813675181489, -0.74334130493916051, -0.015453821709263866, 0.050000000000000003, 0.060509895804020081, 
-1.6516065097982942, 0.026616939641759218, 0.041124581204858374, 0.017239697225857262, -0.7439989777800432, -0.016010967849582221, 0.050000000000000003, 0.060509895804020081, 
-1.6498925349290292, -0.018407074042824042, 0.040139184142817197, 0.039419944780861124, -0.74405396422667824, -0.016556913401431311, 0.050000000000000003, 0.060509895804020081, 
-1.6468350118379462, -0.063416077203239551, 0.039121101196157478, 0.061645026584401422, -0.7435021677567466, -0.017091247466171272, 0.050000000000000003, 0.060509895804020081, 
-1.6424316337109766, -0.10837323177873574, 0.038071047498985822, 0.083901481053532234, -0.74233958195063154, -0.017613555460503427, 0.050000000000000003, 0.060509895804020081, 
-1.6366809154955135, -0.15324146022686888, 0.036989763386980318, 0.10617560630963638, -0.74056229933247086, -0.018123418971932884, 0.050000000000000003, 0.060509895804020081, 
-1.6295822088461529, -0.19798345180445717, 0.035878014632897047, 0.12845344678505766, -0.73816652126150684, -0.018620415637032952, 0.050000000000000003, 0.060509895804020081, 
-1.6211357178789194, -0.24256166947972765, 0.03473659268871062, 0.15072077990067856, -0.7351485689092131, -0.019104119044200254, 0.050000000000000003, 0.060509895804020081, 
-1.6113425157284278, -0.28693835754245817, 0.033566314932852774, 0.1729631028568393, -0.73150489535879681, -0.019574098662708591, 0.050000000000000003, 0.060509895804020081, 
-1.6002045618997291, -0.33107554998116034, 0.032368024920899852, 0.19516561958424547, -0.72723209886458573, -0.02002991979999328, 0.050000000000000003, 0.060509895804020081, 
-1.5877247204036373, -0.37493507969864043, 0.031142592637939275, 0.21731322790611901, -0.72232693730950115, -0.020471143589225114, 0.050000000000000003, 0.060509895804020081, 
-1.5739067786610756, -0.41847858863960152, 0.029890914750716677, 0.23939050696782285, -0.71678634389922535, -0.020897327009364055, 0.050000000000000003, 0.060509895804020081, 
-1.5587554671584252, -0.46166753890629042, 0.028613914857528625, 0.2613817049955372, -0.7106074441317709, -0.021308022940016075, 0.050000000000000003, 0.060509895804020081, 
-1.5422764798319559, -0.5044632249405292, 0.027312543733681378, 0.28327072745128756, -0.70378757408090264, -0.021702780253551737, 0.050000000000000003, 0.060509895804020081, 
-1.5244764951551721, -0.54682678685278041, 0.025987779570183119, 0.30504112565772556, -0.69632430003118762, -0.022081143947080894, 0.050000000000000003, 0.060509895804020081, 
-1.5053631978982591, -0.58871922498114804, 0.024640628203176088, 0.32667608597253645, -0.68821543950132213, -0.022442655317013147, 0.050000000000000003, 0.060509895804020081, 
-1.4849453015237901, -0.63010141576538681, 0.023272123331445831, 0.34815841959918847, -0.67945908369072683, -0.02278685217906708, 0.050000000000000003, 0.060509895804020081, 
-1.4632325711773806, -0.67093412902304717, 0.021883326719167463, 0.36947055312793453, -0.67005362138216362, -0.023113269136721182, 0.050000000000000003, 0.060509895804020081, 
-1.4402358472260746, -0.7111780467167772, 0.020475328380864157, 0.39059451990851002, -0.65999776433024182, -0.023421437901223793, 0.050000000000000003, 0.060509895804020081, 
-1.4159670692908706, -0.75079378330350888, 0.019049246745360644, 0.41151195236381705, -0.64929057416206715, -0.023710887666396618, 0.050000000000000003, 0.060509895804020081, 
-1.3904393007129348, -0.7897419077577128, 0.017606228795315631, 0.43220407536201322, -0.63793149081188549, -0.023981145541573566, 0.050000000000000003, 0.060509895804020081, 
-1.3636667533856979, -0.82798296736207355, 0.01614745017871181, 0.45265170077278938, -0.62592036250628813, -0.024231737046111639, 0.050000000000000003, 0.060509895804020081, 
-1.3356648128771589, -0.86547751335975698, 0.014674115288471739, 0.47283522334218264, -0.61325747731031099, -0.02446218666899002, 0.050000000000000003, 0.060509895804020081, 
-1.3064500637583252, -0.9021861285628503, 0.013187457306153122, 0.49273461802895208, -0.59994359623748206, -0.024672018497074594, 0.050000000000000003, 0.060509895804020081, 
-1.2760403150448054, -0.93806945701149358, 0.011688738205459286, 0.51232943895429106, -0.58597998791847128, -0.024860756915663629, 0.050000000000000003, 0.060509895804020081, 
-1.24445462564912, -0.97308823577761117, 0.010179248711081374, 0.5315988201253542, -0.57136846481338355, -0.025027927384942996, 0.050000000000000003, 0.060509895804020081, 
-1.2117133297313214, -1.007203329005927, 0.0086603082081695426, 0.55052147810165541, -0.55611142094183008, -0.025173057295961303, 0.050000000000000003, 0.060509895804020081, 
-1.1778380618250401, -1.0403757642830129, 0.0071332645975134192, 0.56907571678171032, -0.54021187109262592, -0.025295676909682419, 0.050000000000000003, 0.060509895804020081, 
-1.1428517816050896, -1.0725667714224076, 0.005599494091299461, 0.58723943449523586, -0.52367349146122333, -0.025395320382579769, 0.050000000000000003, 0.060509895804020081, 
-1.1067787981513266, -1.1037378237502453, 0.0040604009441070855, 0.60499013359360831, -0.50650066164771779, -0.025471526882098493, 0.050000000000000003, 0.060509895804020081, 
-1.0696447935516005, -1.1338506819712706, 0.0025174171136097129, 0.62230493273796406, -0.4886985079314079, -0.025523841795122491, 0.050000000000000003, 0.060509895804020081, 
-1.0314768456743706, -1.1628674406894792, 0.00097200184526412042, 0.6391605820901014, -0.47027294771938394, -0.025551818032337401, 0.050000000000000003, 0.060509895804020081, 
-0.99230344992902209, -1.1907505776508174, -0.00057435882489439603, 0.65553348161599601, -0.45123073504644279, -0.025555017431072285, 0.050000000000000003, 0.060509895804020081, 
-0.95215453981909726, -1.2174630057672977, -0.0021201526553788113, 0.67139970271504901, -0.43157950698174768, -0.025533012258825503, 0.050000000000000003, 0.060509895804020081, 
-0.9110615060807099, -1.2429681279724332, -0.0036638418784470167, 0.68673501338988241, -0.41132783077408203, -0.025485386819228181, 0.050000000000000003, 0.060509895804020081, 
-0.86905721418540227, -1.267229894946962, -0.0052038639796066479, 0.70151490717132048, -0.39048525154231695, -0.025411739161665701, 0.050000000000000003, 0.060509895804020081, 
-0.82617601997378098, -1.2902128657413314, -0.0067386325837219445, 0.71571463601084306, -0.36906234029088014, -0.025311682895157755, 0.050000000000000003, 0.060509895804020081, 
-0.78245378317354963, -1.3118822713072318, -0.0082665384540317761, 0.72930924734797109, -0.34707074200168353, -0.025184849106385399, 0.050000000000000003, 0.060509895804020081, 
-0.73792787854322439, -1.332204080934545, -0.0097859506103572334, 0.74227362555242304, -0.3245232235242711, -0.025030888380944218, 0.050000000000000003, 0.060509895804020081, 
-0.69263720437103027, -1.3511450715722997, -0.011295217572694407, 0.75458253793012897, -0.30143372095507553, -0.02484947292599169, 0.050000000000000003, 0.060509895804020081, 
-0.64662218804744731, -1.3686728999925717, -0.012792668736246961, 0.76621068546797655, -0.27781738616485457, -0.024640298791441372, 0.050000000000000003, 0.060509895804020081, 
-0.599924788419822, -1.3847561777346489, -0.014276615883747375, 0.77713275847416174, -0.25369063210090825, -0.024403088185733779, 0.050000000000000003, 0.060509895804020081, 
-0.55258849462860971, -1.3993645487432025, -0.015745354840638808, 0.7873234972488905, -0.22907117645790578, -0.024137591880984056, 0.050000000000000003, 0.060509895804020081, 
-0.5046583211174438, -1.4124687695886367, -0.017197167278335035, 0.79675775789362935, -0.20397808327848987, -0.02384359170096996, 0.050000000000000003, 0.060509895804020081, 
-0.45618079850360138, -1.4240407921302569, -0.018630322670337297, 0.80541058333584969, -0.17843180201275852, -0.023520903083984263, 0.050000000000000003, 0.060509895804020081, 
-0.407203959991848, -1.4340538484534657, -0.020043080405458279, 0.81325727961000172, -0.15245420353479822, -0.023169377711038407, 0.050000000000000003, 0.060509895804020081, 
-0.35777732301340415, -1.4424825378809343, -0.021433692061778985, 0.82027349739410449, -0.12606861258527724, -0.022788906188277506, 0.050000000000000003, 0.060509895804020081, 
-0.307951865773198, -1.4493029158247417, -0.022800403844238978, 0.82643531875470821, -0.099299836082386822, -0.022379420770761667, 0.050000000000000003, 0.060509895804020081, 
-0.25777999839297244, -1.4544925842120049, -0.02414145918792996, 0.8317193490010224, -0.072174186719895173, -0.021940898112999471, 0.050000000000000003, 0.060509895804020081, 
-0.20731552834552278, -1.4580307831807302, -0.025455101528223639, 0.83610281349174187, -0.044719501251560621, -0.02147336202980402, 0.050000000000000003, 0.060509895804020081, 
-0.15661361988667344, -1.4598984837058011, -0.026739577237815036, 0.83956365917568176, -0.016965152846493976, -0.020976886249201729, 0.050000000000000003, 0.060509895804020081, 
-0.10573074720685906, -1.4600784807774765, -0.027993138729601165, 0.84208066058001352, 0.011057943108833058, -0.020451597137284203, 0.050000000000000003, 0.060509895804020081, 
-0.054724641043645536, -1.4585554867168946, -0.029214047723043177, 0.84363352988807583, 0.039317330388447723, -0.019897676373083283, 0.050000000000000003, 0.060509895804020081, 
-0.0036542285204649964, -1.4553162241752904, -0.030400578670280405, 0.84420303067295788, 0.067779021105717902, -0.019315363549801078, 0.050000000000000003, 0.060509895804020081, 
0.047420433994535362, -1.4503495183264234, -0.0315510223367821, 0.84377109477401724, 0.096407513300363706, -0.018704958677077575, 0.050000000000000003, 0.060509895804020081, 
0.098438235182145048, -1.443646387725636, -0.032663689529744099, 0.84232094172208127, 0.12516581751750316, -0.018066824557467092, 0.050000000000000003, 0.060509895804020081, 
0.14933709035239917, -1.4352001332745827, -0.033736914965773135, 0.83983720003631712, 0.15401549292906647, -0.017401389008964676, 0.050000000000000003, 0.060509895804020081, 
0.20005403040222414, -1.4250064246986702, -0.034769061267662799, 0.8363060296328686, 0.18291669350347126, -0.016709146904318684, 0.050000000000000003, 0.060509895804020081, 
0.25052529819263858, -1.4130633839152604, -0.035758523078267712, 0.83171524450372514, 0.211828224673517, -0.015990661997032626, 0.050000000000000003, 0.060509895804020081, 
0.3006864523344035, -1.3993716646454568, -0.036703731277644147, 0.82605443474545304, 0.24070761088461801, -0.015246568503444247, 0.050000000000000003, 0.060509895804020081, 
0.35047247831304706, -1.3839345276015314, -0.037603157287766392, 0.81931508694306732, 0.26951117432553828, -0.014477572410118765, 0.050000000000000003, 0.060509895804020081, 
0.39981790682190377, -1.3667579105664887, -0.038455317447272153, 0.81149070184625294, 0.29819412505173676, -0.013684452476049928, 0.050000000000000003, 0.060509895804020081, 
0.44865693910563992, -1.3478504926726342, -0.039258777436863679, 0.80257690821525285, 0.32671066260756237, -0.012868060899867568, 0.050000000000000003, 0.060509895804020081, 
0.49692357904724171, -1.3272237521830126, -0.040012156734221052, 0.79257157166395731, 0.35501408913843441, -0.012029323623439215, 0.050000000000000003, 0.060509895804020081, 
0.54455177165928981, -1.3048920170838669, -0.040714133075601927, 0.78147489729000585, 0.38305693385869699, -0.011169240244954875, 0.050000000000000003, 0.060509895804020081, 
0.59147554756632104, -1.2808725078084209, -0.041363446899738303, 0.76928952485793434, 0.41079108860627445, -0.010288883516819393, 0.050000000000000003, 0.060509895804020081, 
0.63762917299008515, -1.2551853714328274, -0.041958905748229282, 0.75602061529336517, 0.43816795407314141, -0.0093893984064566654, 0.050000000000000003, 0.060509895804020081, 
0.68294730467453946, -1.2278537067144384, -0.042499388595401658, 0.7416759272555512, 0.46513859615286068, -0.0084720007014547002, 0.050000000000000003, 0.060509895804020081, 
0.72736514911358807, -1.1989035793809244, -0.042983850079600497, 0.72626588258365687, 0.49165391169525713, -0.0075379751443372979, 0.050000000000000003, 0.060509895804020081, 
0.7708186253730277, -1.1683640271263369, -0.043411324607111057, 0.70980361946006365, 0.51766480280620975, -0.0065886730866112171, 0.050000000000000003, 0.060509895804020081, 
0.81324453073013503, -1.1362670538269239, -0.043780930299430983, 0.69230503220247563, 0.54312235868033287, -0.0056255096565669977, 0.050000000000000003, 0.060509895804020081, 
0.85458070829108435, -1.1026476125551921, -0.044091872754434207, 0.67378879668599134, 0.56797804380896311, -0.0046499604405524451, 0.050000000000000003, 0.060509895804020081, 
0.8947662156891707, -1.0675435770449575, -0.044343448592118334, 0.65427638050646009, 0.59218389126849458, -0.0036635576830215998, 0.050000000000000003, 0.060509895804020081, 
0.93374149391688532, -1.0309957013423692, -0.044535048756123956, 0.63379203712672227, 0.61569269966789308, -0.0026678860165061879, 0.050000000000000003, 0.060509895804020081, 
0.97144853530341935, -0.99304756746734535, -0.044666161543070099, 0.61236278339657391, 0.63845823222232911, -0.001664577738666421, 0.050000000000000003, 0.060509895804020081, 
1.0078310496172713, -0.95374552100558985, -0.044736375332971735, 0.59001836000380226, 0.66043541632535541, -0.00065530765964801302, 0.050000000000000003, 0.060509895804020081, 
1.0428346272522695, -0.9131385946521875, -0.044745380995593387, 0.56679117459518691, 0.68158054191773498, 0.00035821245101151102, 0.050000000000000003, 0.060509895804020081, 
1.0764068984453312, -0.87127841983244969, -0.044692973949540277, 0.54271622750023385, 0.70185145689943729, 0.0013742397828414112, 0.050000000000000003, 0.060509895804020081, 
1.1084976874763233, -0.82821912663271657, -0.044579055853181164, 0.51783102019343108, 0.72120775780457902, 0.0023910067276284672, 0.050000000000000003, 0.060509895804020081, 
1.1390591608148883, -0.78401723238169174, -0.044403635909113226, 0.49217544683943382, 0.73961097395882103, 0.0034067274015774592, 0.050000000000000003, 0.060509895804020081, 
1.1680459682063151, -0.73873151932993553, -0.044166831766790524, 0.46579166947594652, 0.75702474336601921, 0.0044196043960838191, 0.050000000000000003, 0.060509895804020081, 
1.1954153757284152, -0.69242290197969936, -0.043868870011107716, 0.43872397759709986, 0.77341497862620734, 0.0054278357028093383, 0.050000000000000003, 0.060509895804020081, 
1.221127389903661, -0.64515428471764946, -0.043510086228118028, 0.41101863310167619, 0.788750021270051, 0.0064296217555414297, 0.050000000000000003, 0.060509895804020081, 
1.2451448720150402, -0.59699041049754897, -0.043090924642621521, 0.38272370176148035, 0.80300078300486111, 0.0074231725289300244, 0.050000000000000003, 0.060509895804020081, 
1.267433641849403, -0.54799770140705961, -0.042611937326034521, 0.35388887254149837, 0.81614087250251788, 0.0084067146326986305, 0.050000000000000003, 0.060509895804020081, 
1.2879625701775415, -0.4982440920310206, -0.042073782976688491, 0.32456526626152316, 0.82814670651801858, 0.0093784983393622422, 0.050000000000000003, 0.060509895804020081, 
1.3067036593746204, -0.44779885659154772, -0.041477225278449104, 0.29480523522530988, 0.8389976043060049, 0.01033680448387763, 0.050000000000000003, 0.060509895804020081, 
1.3236321116864911, -0.39673243090193522, -0.04082313084723619, 0.26466215555521039, 0.84867586449821275, 0.011279951175001166, 0.050000000000000003, 0.060509895804020081, 
1.3387263847552937, -0.34511623021574045, -0.040112466778605027, 0.23419021405534657, 0.8571668238135518, 0.012206300260412596, 0.050000000000000003, 0.060509895804020081, 
1.3519682341299308, -0.2930224640838871, -0.039346297812963602, 0.20344419148308085, 0.86445889719036562, 0.013114263490834655, 0.050000000000000003, 0.060509895804020081, 
1.3633427426017144, -0.24052394935073984, -0.038525783138198065, 0.17247924413588453, 0.87054359915305912, 0.014002308332371233, 0.050000000000000003, 0.060509895804020081, 
1.3728383363209682, -0.18769392242470948, -0.03765217285241132, 0.14135068565845563, 0.87541554644832875, 0.014868963381015133, 0.050000000000000003, 0.060509895804020081, 
1.3804467877648248, -0.13460585195015551, -0.036726804112106853, 0.11011377094357432, 0.8790724422053745, 0.015712823338638139, 0.050000000000000003, 0.060509895804020081, 
1.386163205738163, -0.0813332529855227, -0.035751096993436399, 0.078823483940865122, 0.88151504208555909, 0.016532553515655527, 0.050000000000000003, 0.060509895804020081, 
1.3899860126969503, -0.027949503758388491, -0.034726550096047984, 0.047534331102152938, 0.88274710308614968, 0.017326893831829598, 0.050000000000000003, 0.060509895804020081, 
1.3919169097846575, 0.025472333977764564, -0.033654735920601003, 0.01630014208281769, 0.88277531584655478, 0.018094662293211376, 0.050000000000000003, 0.060509895804020081, 
1.3919608300665687, 0.078859690016678918, -0.032537296052144879, -0.014826120811693065, 0.88160922147086973, 0.018834757929883969, 0.050000000000000003, 0.060509895804020081, 
1.3901258805325125, 0.13214065529981106, -0.031375936182283869, -0.045792543093021679, 0.87926111402509732, 0.019546163185834513, 0.050000000000000003, 0.060509895804020081, 
1.3864232735148625, 0.18524414521553356, -0.030172421003376814, -0.0765484272917899, 0.87574592998926326, 0.020227945758819428, 0.050000000000000003, 0.060509895804020081, 
1.3808672482347886, 0.23810005584895524, -0.028928569007957722, -0.10704444988810383, 0.87108112604253385, 0.020879259894383356, 0.050000000000000003, 0.060509895804020081, 
1.3734749832452293, 0.29063941251999464, -0.027646247226129406, -0.13723280514425562, 0.86528654663271865, 0.021499347144141107, 0.050000000000000003, 0.060509895804020081, 
1.3642665005835213, 0.34279451003676004, -0.026327365932901511, -0.16706733519611394, 0.858384282830157, 0.022087536603943216, 0.050000000000000003, 0.060509895804020081, 
1.3532645624800317, 0.39449904418291365, -0.024973873356345155, -0.19650364594230618, 0.85039852399044591, 0.022643244652543412, 0.050000000000000003, 0.060509895804020081, 
1.3404945614915835, 0.44568823405009522, -0.023587750416051843, -0.22549920844932531, 0.84135540375178164, 0.023165974215811205, 0.050000000000000003, 0.060509895804020081, 
1.3259844049402638, 0.49629893491829385, -0.022171005519750552, -0.25401344576316115, 0.83128284187231283, 0.023655313585342071, 0.050000000000000003, 0.060509895804020081, 
1.309764394539829, 0.54626974147702512, -0.020725669444091911, -0.28200780518134683, 0.82021038337266172, 0.024110934823485457, 0.050000000000000003, 0.060509895804020081, 
1.2918671020840047, 0.59554108126715743, -0.019253790323591431, -0.30944581619119682, 0.80816903639078774, 0.024532591789326572, 0.050000000000000003, 0.060509895804020081, 
1.2723272420542608, 0.64405529830622887, -0.017757428769574257, -0.33629313441870395, 0.7951911100829594, 0.024920117822026525, 0.050000000000000003, 0.060509895804020081, 
1.2511815419799635, 0.69175672693825074, -0.016238653138720416, -0.36251757205668439, 0.78131005381824448, 0.025273423119164928, 0.050000000000000003, 0.060509895804020081, 
1.228468611352088, 0.73859175602158833, -0.014699534968509429, -0.38808911534937851, 0.7665602988171375, 0.025592491848368863, 0.050000000000000003, 0.060509895804020081, 
1.204228809853868, 0.78450888363500315, -0.013142144594541485, -0.41297992980329007, 0.75097710328022582, 0.025877379030592361, 0.050000000000000003, 0.060509895804020081, 
1.1785041156288338, 0.82945876254191264, -0.011568546962401527, -0.43716435387043551, 0.73459640194259934, 0.026128207232977714, 0.050000000000000003, 0.060509895804020081, 
1.1513379942596338, 0.8733942367061257, -0.0099807976444622869, -0.46061888191056166, 0.71745466087633791, 0.026345163108338232, 0.050000000000000003, 0.060509895804020081, 
1.1227752690807973, 0.91627036919860816, -0.0083809390698182714, -0.48332213728377671, 0.69958873824900891, 0.026528493817007563, 0.050000000000000003, 0.060509895804020081, 
1.0928619933960906, 0.95804446187422831, -0.006770996973427681, -0.50525483645517943, 0.68103575163262864, 0.026678503365163576, 0.050000000000000003, 0.060509895804020081, 
1.0616453251172104, 0.99867606723003266, -0.0051529770685323061, -0.52639974500942288, 0.66183295234669526, 0.02679554889181408, 0.050000000000000003, 0.060509895804020081, 
1.0291734042860539, 1.0381269928826098, -0.0035288619445416154, -0.54674162647684743, 0.64201760721217083, 0.026880036934486359, 0.050000000000000003, 0.060509895804020081, 
0.99549523388842576, 1.0763612991218094, -0.0019006081908187519, -0.56626718486509697, 0.62162688799191712, 0.026932419701349072, 0.050000000000000003, 0.060509895804020081, 
0.96066056431344338, 1.1133452900118468, -0.00027014374520131237, -0.58496500177232436, 0.60069776869805991, 0.026953191375066615, 0.050000000000000003, 0.060509895804020081, 
0.92471978176065062, 1.149047498519042, 0.0013606345353658869, -0.60282546893153377, 0.57926693085883763, 0.026942884471191773, 0.050000000000000003, 0.060509895804020081, 
0.88772380084643776, 1.1834386661485803, 0.002989863086012711, -0.61984071700166565, 0.55737067675721097, 0.026902066271386891, 0.050000000000000003, 0.060509895804020081, 
0.84972396161319586, 1.2164917175711905, 0.0046157136320189567, -0.63600454138102858, 0.53504485058121309, 0.026831335349266461, 0.050000000000000003, 0.060509895804020081, 
0.81077193109903734, 1.2481817307150254, 0.0062363949798639627, -0.65131232577387754, 0.51232476736184318, 0.026731318204209181, 0.050000000000000003, 0.060509895804020081, 
0.77091960958314132, 1.2784859027887783, 0.0078501546081883259, -0.66576096419255015, 0.48924514951824843, 0.026602666016124255, 0.050000000000000003, 0.060509895804020081, 
0.73021904158202033, 1.307383512689664, 0.0094552800663222861, -0.67934878202667937, 0.46584007078183043, 0.026446051531899096, 0.050000000000000003, 0.060509895804020081, 
0.68872233163537178, 1.3348558802348156, 0.01105010018861924, -0.69207545675863646, 0.44214290723050004, 0.026262166092122355, 0.050000000000000003, 0.060509895804020081, 
0.64648156488673159, 1.3608863226373475, 0.01263298613329179, -0.70394193885140299, 0.41818629513120081, 0.026051716804682264, 0.050000000000000003, 0.060509895804020081, 
0.60354873243391005, 1.3854601086292415, 0.014202352254790518, -0.71495037328232269, 0.39400209526260532, 0.025815423869995267, 0.050000000000000003, 0.060509895804020081, 
0.55997566139711175, 1.4085644106127284, 0.015756656819001489, -0.72510402214433034, 0.36962136337005053, 0.025554018060930678, 0.050000000000000003, 0.060509895804020081, 
0.515813949628669, 1.4301882552003327, 0.017294402570676881, -0.7344071886858563, 0.34507432639079283, 0.025268238358966227, 0.050000000000000003, 0.060509895804020081, 
0.47111490496732905, 1.4503224724815611, 0.018814137162563714, -0.74286514311214702, 0.32039036407897836, 0.024958829746737129, 0.050000000000000003, 0.060509895804020081, 
0.42592948892191806, 1.4689596443316482, 0.020314453455667854, -0.75048405042459509, 0.29559799565577083, 0.024626541155925056, 0.050000000000000003, 0.060509895804020081, 
0.38030826465379947, 1.4860940520550929, 0.021793989699993885, -0.75727090053112367, 0.27072487111031412, 0.024272123568368633, 0.050000000000000003, 0.060509895804020081, 
0.33430134911468817, 1.5017216236341739, 0.023251429604944529, -0.76323344081993028, 0.24579776678107496, 0.023896328267357457, 0.050000000000000003, 0.060509895804020081, 
0.28795836918590573, 1.5158398808304094, 0.024685502308355336, -0.76838011135109907, 0.22084258485410124, 0.023499905235289782, 0.050000000000000003, 0.060509895804020081, 
0.24132842165687909, 1.5284478863652129, 0.026094982252888702, -0.77271998278580845, 0.19588435642434593, 0.023083601693221163, 0.050000000000000003, 0.060509895804020081, 
0.19446003687441765, 1.5395461913849329, 0.027478688978223979, -0.7762626971411194, 0.17094724777798762, 0.022648160777298299, 0.050000000000000003, 0.060509895804020081, 
0.14740114588986236, 1.5491367833951655, 0.028835486837164241, -0.77901841142958428, 0.14605456956719845, 0.022194320346649928, 0.050000000000000003, 0.060509895804020081, 
0.10019905092841283, 1.5572230348297962, 0.030164284643441563, -0.78099774421712176, 0.12122878856368263, 0.021722811916984212, 0.050000000000000003, 0.060509895804020081, 
0.052900399003621743, 1.5638096524017158, 0.031464035258647258, -0.7822117251096381, 0.096491541693181249, 0.02123435971391089, 0.050000000000000003, 0.060509895804020081, 
0.0055511585000388788, 1.5689026273646411, 0.032733735125346636, -0.78267174715863919, 0.071863652069699094, 0.020729679839856116, 0.050000000000000003, 0.060509895804020081, 
-0.041803401451876582, 1.5725091867989607, 0.033972423753064182, -0.78238952215840796, 0.047365146765180693, 0.020209479548359673, 0.050000000000000003, 0.060509895804020081, 
-0.089118728982323786, 1.5746377460190519, 0.035179183163448313, -0.78137703879208287, 0.023015276067502186, 0.019674456619528827, 0.050000000000000003, 0.060509895804020081, 
-0.13635100504097103, 1.5752978621850859, 0.036353137300549246, -0.77964652357097997, -0.0011674660032513946, 0.019125298830462548, 0.050000000000000003, 0.060509895804020081, 
-0.18345715667506471, 1.574500189188923, 0.037493451411771593, -0.77721040450060885, -0.025165320133368481, 0.018562683514545743, 0.050000000000000003, 0.060509895804020081, 
-0.23039486818958435, 1.5722564338713072, 0.038599331404697561, -0.77408127739784804, -0.048961239305574347, 0.017987277203638879, 0.050000000000000003, 0.060509895804020081, 
-0.27712259034739273, 1.5685793136161679, 0.039670023184620047, -0.7702718747765146, -0.072538865721158308, 0.017399735347346724, 0.050000000000000003, 0.060509895804020081, 
-0.32359954776214467, 1.5634825153573633, 0.040704811977278245, -0.76579503721291253, -0.095882507219291035, 0.016800702103734928, 0.050000000000000003, 0.060509895804020081, 
-0.36978574463123243, 1.5569806560236781, 0.041703021640953866, -0.76066368709872312, -0.11897711334385963, 0.016190810196069595, 0.050000000000000003, 0.060509895804020081, 
-0.41564196895034589, 1.5490892444392081, 0.042664013971764454, -0.75489080468564207, -0.14180825119406426, 0.015570680830377442, 0.050000000000000003, 0.060509895804020081, 
-0.4611297953453794, 1.5398246446884347, 0.04358718800568253, -0.74848940632434324, -0.16436208118169124, 0.014940923668858372, 0.050000000000000003, 0.060509895804020081, 
-0.50621158665149313, 1.5292040409482326, 0.044471979320515984, -0.74147252479950643, -0.1866253328054292, 0.014302136854424795, 0.050000000000000003, 0.060509895804020081, 
-0.55085049436318745, 1.5172454037827434, 0.045317859340806628, -0.73385319166267293, -0.20858528054084025, 0.013654907081888667, 0.050000000000000003, 0.060509895804020081, 
-0.59501045807332331, 1.5039674578914075, 0.046124334648340301, -0.7256444214654576, -0.23022971993363969, 0.012999809711565795, 0.050000000000000003, 0.060509895804020081, 
-0.6386562040131657, 1.4893896512954605, 0.046890946300713471, -0.71685919779705154, -0.25154694397376803, 0.012337408921314403, 0.050000000000000003, 0.060509895804020081, 
-0.68175324279976635, 1.4735321259437977, 0.047617269160167584, -0.70751046103188853, -0.27252571981834656, 0.011668257893269479, 0.050000000000000003, 0.060509895804020081, 
-0.72426786649138175, 1.4564156897152545, 0.048302911234683665, -0.69761109769573559, -0.29315526592296981, 0.010992899031773945, 0.050000000000000003, 0.060509895804020081, 
-0.76616714504614747, 1.4380617897909982, 0.048947513033124793, -0.68717393136122151, -0.31342522963288255, 0.010311864209241002, 0.050000000000000003, 0.060509895804020081, 
-0.80741892227394119, 1.4184924873678257, 0.049550746936023571, -0.67621171498685961, -0.33332566527838697, 0.0096256750369075987, 0.050000000000000003, 0.060509895804020081, 
-0.84799181136625967, 1.3977304336806822, 0.050112316583434235, -0.66473712461689383, -0.35284701281229586, 0.0089348431576561829, 0.050000000000000003, 0.060509895804020081, 
-0.88785519008403979, 1.3757988473006053, 0.050631956281104611, -0.6527627543627359, -0.37198007702135744, 0.0082398705582897285, 0.050000000000000003, 0.060509895804020081, 
-0.92697919567866449, 1.3527214926725366, 0.051109430426070919, -0.64030111259031763, -0.39071600733829615, 0.0075412498988430884, 0.050000000000000003, 0.060509895804020081, 
-0.9653347196169243, 1.3285226598559667, 0.051544532952637966, -0.62736461924131404, -0.40904627827640216, 0.0068394648567015621, 0.050000000000000003, 0.060509895804020081, 
-1.0028934021764586, 1.3032271454301905, 0.051937086799577752, -0.61396560421985158, -0.42696267050443004, 0.0061349904834749188, 0.050000000000000003, 0.060509895804020081, 
-1.0396276269741727, 1.2768602345249798, 0.052286943399260447, -0.60011630677998073, -0.4444572525758993, 0.0054282935727418893, 0.050000000000000003, 0.060509895804020081, 
-1.0755105154863174, 1.2494476839367348, 0.052593982189322534, -0.58582887585281818, -0.46152236332369351, 0.0047198330369362827, 0.050000000000000003, 0.060509895804020081, 
-1.1105159216153375, 1.2210157062895965, 0.0528581101473765, -0.57111537125584211, -0.47815059492809597, 0.0040100602917914514, 0.050000000000000003, 0.060509895804020081, 
-1.1446184263552113, 1.1915909552005834, 0.053079261349175143, -0.55598776573032005, -0.49433477666405296, 0.0032994196468949374, 0.050000000000000003, 0.060509895804020081, 
-1.1777933326038459, 1.1612005114075299, 0.053257396550559492, -0.54045794775625067, -0.51006795933148363, 0.0025883487010299796, 0.050000000000000003, 0.060509895804020081, 
-1.2100166601681259, 1.1298718698184191, 0.053392502793442841, -0.5245377250974933, -0.5253434003708386, 0.0018772787410953301, 0.050000000000000003, 0.060509895804020081, 
-1.2412651410044502, 1.0976329274406158, 0.053484593036013627, -0.50823882903292839, -0.54015454966481302, 0.0011666351434997896, 0.050000000000000003, 0.060509895804020081, 
-1.2715162147350048, 1.064511972148475, 0.053533705807275796, -0.49157291923252733, -0.55449503602612815, 0.0004568377770232799, 0.050000000000000003, 0.060509895804020081, 
