./data/datasets/tbp_SUN_lt_earth_to_mars_5e-4_348_3.dat
TBP SUN CARTESIAN LT
CONSTANTS : MU [km^3.s^-2], LU [km], WU [s^-1], MASSU [kg]. TU [s], VU = LU * WU [km.s^-1], THRUSTU = 1000 * VU * MASSU * WU [N].
132712440041.9393
149597870.69999999
1.9909836747685179e-07
1000
SPACECRAFT PARAMETERS : INITIAL MASS [MASSU], DRY MASS [MASSU], THRUST [THRUSTU], ISP [TU].
1
0.5
0.084315844509006171
0.00039819673495370355
4
State
41, 8
x [LU], y [LU], z [LU], vx [VU], vy [VU], vz [VU], mass [MASSU], dt [TU], 
-0.94051935593492386, -0.34502114073205192, 6.5508953798230768e-06, 0.32817515972135403, -0.94270842740721961, 1.4563605439061728e-05, 1, 0.14999800231926247, 
-0.88066743960559857, -0.48118570223871132, -0.00020223459821604737, 0.46827193449165105, -0.86948213585828071, -0.0028023736810866332, 0.9808005504587155, 0.14999800231926247, 
-0.8005850015421988, -0.60489632891230294, -0.00086509752986642277, 0.5975490844741056, -0.77690983893699206, -0.0060303924309661385, 0.96160110091743112, 0.14999800231926247, 
-0.70202023181967566, -0.71337346772118881, -0.002019496428329777, 0.71437483343508479, -0.66661220052219805, -0.0093447024370621763, 0.94240165137614695, 0.14999800231926247, 
-0.5869705954213319, -0.80409296144807885, -0.0037233993972050701, 0.81702671847073771, -0.54037190242800259, -0.013345529916661061, 0.92320220183486235, 0.14999800231926247, 
-0.45767743384487014, -0.87478217180402196, -0.0060470718970008054, 0.90394579744488657, -0.39977225505324737, -0.017591946898963391, 0.90400275229357796, 0.14999800231926247, 
-0.31678728126174333, -0.92363327000131323, -0.0088769791221018964, 0.97124677392312098, -0.24948909920948947, -0.020068902224805878, 0.89003410315816767, 0.14999800231926247, 
-0.16782476814751071, -0.94961992580725652, -0.011769352261409254, 1.011117929324864, -0.095334236434039724, -0.01840686486282676, 0.88982871566975541, 0.14999800231926247, 
-0.014631720261459237, -0.9517824009348248, -0.014385419410952673, 1.0272288026332179, 0.067613891715636337, -0.016385699857225881, 0.88872446865961285, 0.14999800231926247, 
0.13965630642226828, -0.92853977410658295, -0.016825476282364533, 1.0253615161223995, 0.24276833669225054, -0.016065520863833286, 0.87199690502173455, 0.14999800231926247, 
0.291620546390497, -0.8788509586475991, -0.019126427038794032, 0.99592891626530522, 0.41942443982650507, -0.014526503360785738, 0.85349364604706246, 0.14999800231926247, 
0.436918798070353, -0.80288744486456642, -0.021100533501854216, 0.93632889702217448, 0.59208327411147299, -0.011710886405924612, 0.83429419650577785, 0.14999800231926247, 
0.57095567285754423, -0.70175910430482091, -0.022547541883456038, 0.84591778798807893, 0.75376843390645887, -0.0075128731521218991, 0.81509474696449402, 0.14999800231926247, 
0.68921030285566087, -0.57765268623455057, -0.023272542184001776, 0.72645265346425403, 0.89721877668559047, -0.0021123347303855814, 0.79589529742320964, 0.14999800231926247, 
0.78762099540672759, -0.43384519580603181, -0.023106142181253352, 0.58234942660747868, 1.0153536618562613, 0.0043322492233699326, 0.77669584788192492, 0.14999800231926247, 
0.86299286690820765, -0.27458614249083002, -0.021900968847347112, 0.42068269129044106, 1.1025114024886173, 0.011691093299453585, 0.75749639834064086, 0.14999800231926247, 
0.9133641106151289, -0.10479876230287284, -0.019515897492151942, 0.25062519249775755, 1.155541303241256, 0.020018999566363091, 0.73829694879935659, 0.14999800231926247, 
0.9379688905264606, 0.069602855732460639, -0.016121044981233661, 0.078646152710579675, 1.1643853709725962, 0.025105264766901281, 0.73184640369843745, 0.14999800231926247, 
0.93740745084213284, 0.24259264047395482, -0.012159771304815067, -0.083761337984730649, 1.1375845354125234, 0.027562802519426784, 0.73182471453189457, 0.14999800231926247, 
0.9136705902246588, 0.40965543801576937, -0.0078952551354100932, -0.22967002994624225, 1.0864280045676731, 0.029159871686171325, 0.73179538960370139, 0.14999800231926247, 
0.86947882311768054, 0.56761874822938418, -0.0034506757365353989, -0.35622154979570891, 1.0173054037260216, 0.029982400055185973, 0.7317814657991476, 0.14999800231926247, 
0.80781000884573539, 0.71424346046621257, 0.0010666695365074478, -0.46272974191203015, 0.93615263572783336, 0.03015136357246935, 0.73176296040310285, 0.14999800231926247, 
0.73162633822696099, 0.84810545185621133, 0.0055682720042589152, -0.549972357070315, 0.84785503613246116, 0.029793052988912643, 0.73174406646840529, 0.14999800231926247, 
0.64370358110415449, 0.96842946574359623, 0.0099839235266380045, -0.6195635128980943, 0.75618182028625613, 0.02902348062778114, 0.73172514270127864, 0.14999800231926247, 
0.54654372954425912, 1.0749266695508104, 0.014259634030897504, -0.67347560629392811, 0.6638758558935357, 0.027942270900800002, 0.73170586671204874, 0.14999800231926247, 
0.44234589623215886, 1.1676538778199561, 0.018354996513068357, -0.71373646892750375, 0.57283619408929842, 0.02663094464515994, 0.73168566035536142, 0.14999800231926247, 
0.33301221188221553, 1.2469018055171881, 0.022240541366727994, -0.74225827695548319, 0.48431389075965192, 0.02515415634420691, 0.73166384052194078, 0.14999800231926247, 
0.22017214789792469, 1.3131112417498954, 0.025895380311333649, -0.76075628450727373, 0.39908501107450078, 0.023562113250563323, 0.73163959863762607, 0.14999800231926247, 
0.10521454899083359, 1.3668126491214438, 0.029305239010852861, -0.77072234014382668, 0.31758936813233424, 0.021893231573559754, 0.73161191086845501, 0.14999800231926247, 
-0.010678878008338223, 1.4085839978515824, 0.032460876395088677, -0.77342869953263704, 0.2400355679708378, 0.020176589713030137, 0.73157939391820193, 0.14999800231926247, 
-0.12650190816163739, 1.43902212755405, 0.035356855239920847, -0.76994668032987712, 0.16647737079857594, 0.01843414481895379, 0.73153982608717349, 0.14999800231926247, 
-0.24139539422413231, 1.4587238230397004, 0.037990628099347279, -0.76117025505068081, 0.096867871087698357, 0.01668272300869391, 0.73148998827436129, 0.14999800231926247, 
-0.35462847875600528, 1.4682611959157952, 0.040364661635436748, -0.74792000959917748, 0.030930098979284983, 0.014972526466343004, 0.73121567517042874, 0.14999800231926247, 
-0.46562852573313446, 1.4680291314560354, 0.042515193543829689, -0.73148801638180083, -0.033421328894407298, 0.01370380212539905, 0.72839840915804954, 0.14999800231926247, 
-0.57430967878850203, 1.4580324544162424, 0.044520721071139323, -0.7170858269864907, -0.099313432297871179, 0.013041344724256564, 0.71761093420512034, 0.14999800231926247, 
-0.68050622958536156, 1.4376901117258305, 0.046462859673910374, -0.69841515277896771, -0.17145774465279018, 0.012861799144490949, 0.69841148466383562, 0.14999800231926247, 
-0.78357375536271956, 1.4066938645810054, 0.048316179148332875, -0.6753904788633931, -0.24140697310958983, 0.011852142777716188, 0.67921203512255135, 0.14999800231926247, 
-0.88296177683803068, 1.3653849241089264, 0.049981172113560887, -0.64937572053548931, -0.30899193083130044, 0.010347861518047447, 0.66001258558126719, 0.14999800231926247, 
-0.97821123279565814, 1.3141044309114824, 0.051385352942401756, -0.62022159520393472, -0.37438420583273396, 0.0083721552478042052, 0.64081313603998269, 0.14999800231926247, 
-1.0688352505666139, 1.2531729175064164, 0.052458151714214092, -0.58770831909488686, -0.43768754609826166, 0.0059272165989966066, 0.62161368649869897, 0.14999800231926247, 
-1.1543080271930637, 1.1829009876408623, 0.053135194791245115, -0.55153781987552375, -0.49893099725964524, 0.0030938241870149064, 0.60241423695741503, 0.14999800231926247, 
Control
40, 3
ux [THRUSTU], uy [THRUSTU], uz [THRUSTU], 
0.028988701474188177, 0.07694548186774601, -0.018660376262222972, 
0.027973534107900971, 0.076614632784543724, -0.021373840742144313, 
0.029938568191463032, 0.075583767177470548, -0.02235929133881398, 
0.033306729572202293, 0.072402832354060975, -0.027525502131312489, 
0.039288001613055942, 0.068130713887581185, -0.030394413790827988, 
0.035290696965512361, 0.045165725899746233, -0.021857667679173402, 
0.00058728286286035267, 0.00064832778690321487, -0.00021983732197082434, 
0.0035965997342744995, 0.0029945179719466594, -0.0012703801102266867, 
0.054700610327998167, 0.046876663090770827, -0.014382195691838436, 
0.061039794558513639, 0.052640659842392037, -0.010297740546526581, 
0.060687282027629123, 0.058225866007692986, -0.0059969961664233136, 
0.057207491882224383, 0.061932433522742816, -0.00091552485667040413, 
0.052163735443166902, 0.06613546496988916, 0.0037691661012450141, 
0.045555202358033689, 0.070426345349722863, 0.0086032002224234704, 
0.037562074488157571, 0.074173311750843851, 0.01402041437779907, 
0.029528390607486132, 0.076133820483078513, 0.020997075083188498, 
0.0064783832295909694, 0.026222651271486878, 0.0085371009069029925, 
-5.0001887360355677e-05, 7.9139024198206294e-05, 1.7587498595345145e-05, 
-8.7656788206406572e-06, 0.00011680424011050483, 5.3524805366254715e-05, 
-1.7571828209963753e-05, -6.1209866744941244e-06, 5.8247551119794522e-05, 
-4.2083382541302688e-05, 3.5359642738901386e-05, 5.9859413996318947e-05, 
-4.7488993820141399e-05, 3.0718702458489082e-05, 6.0711342501324891e-05, 
-5.5882387968465051e-05, 1.7429341457755305e-05, 5.8990214156856544e-05, 
-6.345956587077922e-05, 2.1561296744141714e-06, 5.5983851667692298e-05, 
-7.0447842924295859e-05, -1.3712368917324288e-05, 5.2186795205995837e-05, 
-7.7209307843086958e-05, -3.0125201824108224e-05, 4.8097096336716643e-05, 
-8.4220003760874834e-05, -4.7776597410852577e-05, 4.4250838153290755e-05, 
-9.2030180400624816e-05, -6.7990470411352671e-05, 4.1141057219191697e-05, 
-0.00010120118672570796, -9.2819006876353023e-05, 3.917883578269839e-05, 
-0.00011243711376271344, -0.00012651219412723562, 3.9330459397124926e-05, 
-0.00012273798403280263, -0.00017580175357697871, 4.3951078213116173e-05, 
-0.00051438107914305513, -0.0010632655148976873, 0.00023685617412478872, 
-0.004217904124174195, -0.011393351608399244, 0.0023394661811523411, 
-0.030631760071797944, -0.035764609239526686, 0.0051851273733457739, 
-0.024511969763580055, -0.080341352378302353, 0.0073206605987236719, 
-0.017044551273488924, -0.082508600343448105, 0.0033129709502917933, 
-0.015327384961519979, -0.082904468529458666, 0.0010401939032189892, 
-0.012556880383126771, -0.083369624697101533, -0.00099602619203910045, 
-0.0086917851572037678, -0.083816330587055593, -0.0029046915446183765, 
-0.0036312242387446726, -0.084123885235773188, -0.0043758174817246772, 
Departure orbit
80, 8
x [LU], y [LU], z [LU], vx [VU], vy [VU], vz [VU], mass [MASSU], dt [TU], 
-0.94051935593492386, -0.34502114073205192, 6.5508953798230768e-06, 0.32817515972135403, -0.94270842740721961, 1.4563605439061728e-05, 1, 0.07953248913275314, 
-0.91149296969278248, -0.41883533198894829, 7.6873944996783175e-06, 0.40132033921339383, -0.91254214908364883, 1.4001299627413882e-05, 1, 0.07953248913275314, 
-0.87675739237622918, -0.49002647700770008, 8.7757487732255093e-06, 0.47167320812686042, -0.87678819380772288, 1.3353646595341555e-05, 1, 0.07953248913275314, 
-0.83655125677446762, -0.55816044386592789, 9.8093521483174562e-06, 0.53882160702345583, -0.83570968060139195, 1.2625291004326373e-05, 1, 0.07953248913275314, 
-0.79114497400506856, -0.62282515372898983, 1.0781984676837496e-05, 0.60237883058846375, -0.78959763849564313, 1.1821290574377062e-05, 1, 0.07953248913275314, 
-0.7408386497055508, -0.68363270025560952, 1.1687843707493866e-05, 0.66198507759861946, -0.7387684822279651, 1.0947074406533061e-05, 1, 0.07953248913275314, 
-0.68595989497391352, -0.74022126837128344, 1.2521571777577407e-05, 0.7173086508434614, -0.68356149541838551, 1.0008401711699893e-05, 1, 0.07953248913275314, 
-0.62686155116910824, -0.79225685393873702, 1.3278281249917147e-05, 0.76804692680172715, -0.62433634398421722, 9.0113212837586483e-06, 1, 0.07953248913275314, 
-0.56391934604807692, -0.83943478748916533, 1.3953575765292397e-05, 0.81392711624550862, -0.56147063814731535, 7.9621319834761528e-06, 1, 0.07953248913275314, 
-0.49752949700147109, -0.88148106646625191, 1.4543568599004678e-05, 0.85470683760104538, -0.49535755710410173, 6.8673444310956099e-06, 1, 0.07953248913275314, 
-0.42810627540947743, -0.91815350139040219, 1.504489802345244e-05, 0.89017452490981419, -0.42640354635624533, 5.7336440409261282e-06, 1, 0.07953248913275314, 
-0.35607954442022427, -0.94924268199293838, 1.5454739786753275e-05, 0.92014969168551564, -0.35502609390761181, 4.5678554717751121e-06, 1, 0.07953248913275314, 
-0.28189228079761808, -0.97457276972358164, 1.5770816821156719e-05, 0.94448307093132655, -0.28165158807194379, 3.3769085133974195e-06, 1, 0.07953248913275314, 
-0.2059980899284766, -0.9940021231272419, 1.5991406294667736e-05, 0.96305665014517072, -0.2067132565409911, 2.1678053817389958e-06, 1, 0.07953248913275314, 
-0.12885872164976175, -1.0074237624480282, 1.6115344115467401e-05, 0.97578361837242178, -0.13064918365642966, 9.475893548936049e-07, 1, 0.07953248913275314, 
-0.050941593279206741, -1.0147656794808908, 1.6142026991897503e-05, 0.98260824033342364, -0.053900400522025493, -2.7668535253247471e-07, 1, 0.07953248913275314, 
0.02728267487483689, -1.0159909981863289, 1.6071412141497622e-05, 0.98350567041907344, 0.023090959312081345, -1.4979826065678806e-06, 1, 0.07953248913275314, 
0.10534270717209727, -1.0110979909430486, 1.5904014731368037e-05, 0.97848171696633768, 0.099883447366604761, -2.7093124135761968e-06, 1, 0.07953248913275314, 
0.18276879984534936, -1.000119954568826, 1.5640903119489369e-05, 0.96757256474535092, 0.1760380408390837, -3.9037581883441861e-06, 1, 0.07953248913275314, 
0.2590953246595753, -0.98312494942188566, 1.5283691953056166e-05, 0.95084446105324882, 0.25111984691688549, -5.0745034050611675e-06, 1, 0.07953248913275314, 
0.33386310626073107, -0.96021540403392358, 1.4834533165855099e-05, 0.92839336825473917, 0.32469978177417919, -6.2148578084358576e-06, 1, 0.07953248913275314, 
0.40662177057419396, -0.93152758685065362, 1.4296104902703089e-05, 0.90034458306947329, 0.39635623522591695, -7.3182833592117499e-06, 1, 0.07953248913275314, 
0.47693206153726897, -0.89723094579494866, 1.3671598385404417e-05, 0.8668523204129025, 0.46567673165432333, -8.3784200798055222e-06, 1, 0.07953248913275314, 
0.54436812317898187, -0.85752731554907546, 1.296470272202413e-05, 0.8280992571806296, 0.53225959711989757, -9.3891119518614023e-06, 1, 0.07953248913275314, 
0.60851974360108574, -0.81264999170344032, 1.2179587649931246e-05, 0.78429602905661466, 0.59571564152598622, -1.0344432998325998e-05, 1, 0.07953248913275314, 
0.6689945567765101, -0.76286267026643173, 1.1320884193452286e-05, 0.7356806712546119, 0.65566986332938126, -1.1238713658331071e-05, 1, 0.07953248913275314, 
0.72542019727775808, -0.70845825049968181, 1.0393663209496378e-05, 0.6825179921040655, 0.7117631825849875, -1.2066567533857977e-05, 1, 0.07953248913275314, 
0.77744640209321825, -0.64975749866116594, 9.4034117895589299e-06, 0.62509886660387304, 0.76365420608737911, -1.2822918553001284e-05, 1, 0.07953248913275314, 
0.8247470526023557, -0.58710757003018377, 8.3560074844593898e-06, 0.56373943553146311, 0.81102102603558057, -1.3503028555849345e-05, 1, 0.07953248913275314, 
0.86702214858310178, -0.52088038657765501, 7.2576903193788847e-06, 0.49878019445630567, 0.85356305101338148, -1.4102525265826719e-05, 1, 0.07953248913275314, 
0.90399970484211289, -0.45147086785524659, 6.1150325715695767e-06, 0.43058495611624747, 0.89100286516565896, -1.4617430562167275e-05, 1, 0.07953248913275314, 
0.93543755972065956, -0.37929501312867653, 4.9349062918086802e-06, 0.35953966912545898, 0.92308810828921928, -1.5044188918508274e-05, 1, 0.07953248913275314, 
0.96112508336986202, -0.30478783349258448, 3.7244485635197766e-06, 0.28605107595026152, 0.94959336618221057, -1.5379695819075196e-05, 1, 0.07953248913275314, 
0.98088477234741611, -0.22840113369163795, 2.4910245106759528e-06, 0.21054519357037108, 0.97032205705864938, -1.5621325908413729e-05, 1, 0.07953248913275314, 
0.99457371580691956, -0.15060114464561192, 1.2421880872511078e-06, 0.13346560129324761, 0.98510829619699625, -1.5766960574180325e-05, 1, 0.07953248913275314, 
1.0020849173777251, -0.071866009240015627, -1.4359292878146853e-08, 0.055271521858821129, 0.99381871733175875, -1.5815014606416303e-05, 1, 0.07953248913275314, 
1.0033484558189172, 0.0073168742033920819, -1.2708121961448358e-06, -0.023564315696649893, 0.99635422570803189, -1.5764461522529687e-05, 1, 0.07953248913275314, 
0.99833246672948217, 0.086453644230010729, -2.5193065554721276e-06, -0.10255803992511413, 0.99265165430943048, -1.5614857096651343e-05, 1, 0.07953248913275314, 
0.98704392706375998, 0.16504689539171563, -3.7519668397535043e-06, -0.18121723237742965, 0.98268529166323326, -1.5366360587086847e-05, 1, 0.07953248913275314, 
0.96952922399281583, 0.24259871266166499, -4.9609548021607234e-06, -0.25904375488955395, 0.96646824695832145, -1.501975311839268e-05, 1, 0.07953248913275314, 
0.94587448982292832, 0.31861380675176559, -6.1385195584290474e-06, -0.33553680399934688, 0.94405361612623706, -1.4576452647418707e-05, 1, 0.07953248913275314, 
0.91620568528259849, 0.39260273300981952, -7.2770487002021215e-06, -0.41019618205182345, 0.91553541118223869, -1.4038524927765152e-05, 1, 0.07953248913275314, 
0.88068841456373881, 0.46408517354958012, -8.3691201018300898e-06, -0.4825257683459192, 0.88104921464858266, -1.3408689886721009e-05, 1, 0.07953248913275314, 
0.83952745708641574, 0.53259325924495937, -9.4075540329408254e-06, -0.55203716709419492, 0.84077252142420444, -1.2690322844915768e-05, 1, 0.07953248913275314, 
0.79296600307327836, 0.59767490528523359, -1.0385465145032219e-05, -0.61825350217442754, 0.79492473214369586, -1.1887450043341003e-05, 1, 0.07953248913275314, 
0.74128458267866171, 0.65889713123562155, -1.1296313859768819e-05, -0.68071332184851718, 0.74376676497748018, -1.1004737996335165e-05, 1, 0.07953248913275314, 
0.68479968161022586, 0.71584933407746776, -1.2133956651190919e-05, -0.73897457003915257, 0.68760025702194516, -1.0047476263221634e-05, 1, 0.07953248913275314, 
0.62386203988057598, 0.76814648061771307, -1.2892694685263542e-05, -0.79261857464103658, 0.62676633192581888, -9.0215533254591606e-06, 1, 0.07953248913275314, 
0.55885463448456218, 0.81543218406060947, -1.3567320259671842e-05, -0.84125399796806688, 0.56164391715767048, -7.9334253694703635e-06, 1, 0.07953248913275314, 
0.4901903513454251, 0.85738162852255528, -1.4153160475962674e-05, -0.88452069007017098, 0.49264760224139459, -6.7900779058993866e-06, 1, 0.07953248913275314, 
0.41830935671908764, 0.89370430493010078, -1.4646117576307999e-05, -0.92209338255202034, 0.42022503821303625, -5.5989803010989924e-06, 1, 0.07953248913275314, 
0.34367618328051275, 0.92414652214315962, -1.5042705389331909e-05, -0.95368515892332073, 0.34485388826370572, -4.3680334524112779e-06, 1, 0.07953248913275314, 
0.26677655121199251, 0.94849365834204447, -1.5340081354273462e-05, -0.97905063759849553, 0.26703834975334767, -3.1055110006854795e-06, 1, 0.07953248913275314, 
0.18811394963022016, 0.96657211973596169, -1.5536073630532147e-05, -0.99798880557836278, 0.18730527818416018, -1.8199946361698468e-06, 1, 0.07953248913275314, 
0.10820600847856568, 0.97825097649252701, -1.5629202850198304e-05, -1.0103454446554059, 0.10619995394985157, -5.2030421162803432e-07, 1, 0.07953248913275314, 
0.027580695422363959, 0.98344324942358352, -1.5618698133872176e-05, -1.016015097676702, 0.024281542346819153, 7.8457647675968085e-07, 1, 0.07953248913275314, 
-0.053227623828362908, 0.98210682533251825, -1.5504507063809024e-05, -1.0149425298796326, -0.057881693936635559, 2.0855772503952974e-06, 1, 0.07953248913275314, 
-0.13368222011814254, 0.97424498394297854, -1.5287299391621071e-05, -1.0071236494052731, -0.1397173632103626, 3.3736213536026733e-06, 1, 0.07953248913275314, 
-0.21324808626897726, 0.9599065248715013, -1.4968464348430988e-05, -0.99260586153229646, -0.22065402161006087, 4.6397063258528866e-06, 1, 0.07953248913275314, 
-0.29139602765401462, 0.93918548903662857, -1.4550101521171997e-05, -0.97148784262902388, -0.30012628201510239, 5.8749847146989867e-06, 1, 0.07953248913275314, 
-0.36760671161312658, 0.91222047505593462, -1.4035005357075259e-05, -0.94391873190550535, -0.37757987688616684, 7.0708433882623739e-06, 1, 0.07953248913275314, 
-0.44137462973780028, 0.87919355739968263, -1.3426643456538497e-05, -0.91009675133686374, -0.45247659721478817, 8.2189802260020503e-06, 1, 0.07953248913275314, 
-0.51221192835997786, 0.84032881917084468, -1.2729128909762401e-05, -0.8702672761839001, -0.52429903233153197, 9.3114770208619837e-06, 1, 0.07953248913275314, 
-0.57965206482174914, 0.79589051819454026, -1.1947187022097959e-05, -0.8247203899254979, -0.59255503997672121, 1.0340867512813558e-05, 1, 0.07953248913275314, 
-0.64325325021090662, 0.74618091046499224, -1.108611685450304e-05, -0.77378796773875191, -0.65678188261586046, 1.1300199589950739e-05, 1, 0.07953248913275314, 
-0.70260164312213458, 0.69153775977204079, -1.0151748076710723e-05, -0.71784034156771248, -0.7165499742180369, 1.2183090834082535e-05, 1, 0.07953248913275314, 
-0.75731426352073117, 0.63233156639297272, -9.1503936899199455e-06, -0.65728260702973451, -0.77146619128016247, 1.2983776747656382e-05, 1, 0.07953248913275314, 
-0.80704160080180398, 0.56896255099798188, -8.0887992217552163e-06, -0.59255063772075556, -0.8211767123961683, 1.3697151171636464e-05, 1, 0.07953248913275314, 
-0.85146989549708541, 0.50185743231922852, -6.9740890281383326e-06, -0.5241068757871199, -0.86536936173522505, 1.431879858313901e-05, 1, 0.07953248913275314, 
-0.89032307962294188, 0.431466038646793, -5.8137103543222605e-06, -0.45243596891168691, -0.90377544299938306, 1.4845018140713296e-05, 1, 0.07953248913275314, 
-0.92336436622773643, 0.35825779384431866, -4.6153758109096355e-06, -0.37804032318187314, -0.93617106138782602, 1.5272839518032405e-05, 1, 0.07953248913275314, 
-0.95039748413376168, 0.2827181183570745, -3.3870049109325699e-06, -0.30143563881014057, -0.96237794144618494, 1.5600030727944636e-05, 1, 0.07953248913275314, 
-0.97126755904185336, 0.20534478467626671, -2.1366652921259505e-06, -0.22314649157090302, -0.98226375811903954, 1.5825098283722705e-05, 1, 0.07953248913275314, 
-0.9858616469574687, 0.1266442650083538, -8.7251421582961817e-07, -0.14370201735855825, -0.99574200660653789, 1.5947280169341572e-05, 1, 0.07953248913275314, 
-0.99410893020920443, 0.04712810657643534, 3.9725910780573966e-07, -0.063631750748326193, -1.0027714435738464, 1.5966532193225676e-05, 1, 0.07953248913275314, 
-0.99598059009189743, -0.032690632836544858, 1.6644898676160912e-06, 0.016538338840888199, -1.0033551377657559, 1.588350837875313e-05, 1, 0.07953248913275314, 
-0.99148937332832776, -0.11230085968904155, 2.9210922258259477e-06, 0.096289577520437458, -0.99753917209588583, 1.5699536099566839e-05, 1, 0.07953248913275314, 
-0.98068887208154154, -0.19119680386967636, 4.1591117303652454e-06, 0.17511405588574566, -0.98541104182946837, 1.541658669905318e-05, 1, 0.07953248913275314, 
-0.96367253916139328, -0.26888123992007085, 5.3707752357245837e-06, 0.25251781639991822, -0.96709779463254653, 1.5037242342651375e-05, 1, 0.07953248913275314, 
-0.94057246137119177, -0.34486855158169777, 6.548538062216928e-06, 0.32802374653728328, -0.94276395813356428, 1.4564659841036233e-05, 1, 0.07953248913275314, 
Arrival orbit
80, 8
x [LU], y [LU], z [LU], vx [VU], vy [VU], vz [VU], mass [MASSU], dt [TU], 
-1.1543080271930637, 1.1829009876408623, 0.053135194791245115, -0.55153781987552375, -0.49893099725964524, 0.0030938241870149064, 0.5, 0.15242366158227844, 
-1.235346988813899, 1.1038869754228564, 0.053470259347281404, -0.51139445831614694, -0.53734943394569878, 0.0013029140229199913, 0.5, 0.15242366158227844, 
-1.310086212423202, 1.0192427861789233, 0.053532631233473807, -0.46890793600259667, -0.57278952235029934, -0.00048314971453835567, 0.5, 0.15242366158227844, 
-1.3781826605880079, 0.92942992923312995, 0.053323553812089385, -0.42426307134458635, -0.60515337660134938, -0.0022577766893223635, 0.5, 0.15242366158227844, 
-1.4393213017863913, 0.83492439192299928, 0.052845261658373568, -0.37764263872847992, -0.63434872767222006, -0.0040145444494516548, 0.5, 0.15242366158227844, 
-1.4932148560135443, 0.73621586328394173, 0.052100958047510748, -0.32922813842432758, -0.66028790490945877, -0.0057471581784513497, 0.5, 0.15242366158227844, 
-1.5396036664120156, 0.63380709974914384, 0.051094798512369574, -0.27920067773916968, -0.68288699107129502, -0.0074494113495830487, 0.5, 0.15242366158227844, 
-1.5782557127881929, 0.52821340638795022, 0.049831880306920123, -0.22774194948138124, -0.702065151491711, -0.0091151476380171743, 0.5, 0.15242366158227844, 
-1.6089667809296295, 0.41996220699664932, 0.048318237557994435, -0.17503529599802187, -0.71774413958218375, -0.010738224425603357, 0.5, 0.15242366158227844, 
-1.6315607999698296, 0.30959267586773137, 0.046560841836871897, -0.12126684851261098, -0.72984798292607156, -0.012312478239700988, 0.5, 0.15242366158227844, 
-1.6458903585447013, 0.19765540323662645, 0.044567607827941051, -0.066626732191729876, -0.73830285661376005, -0.013831692500453198, 0.5, 0.15242366158227844, 
-1.6518374090282981, 0.084712065192030644, 0.042347403710500907, -0.011310327259989705, -0.74303715312157326, -0.015289568009184075, 0.5, 0.15242366158227844, 
-1.6493141675967682, -0.028664932795874343, 0.039910065797783355, 0.044480424496983584, -0.74398176086325418, -0.016679696693870261, 0.5, 0.15242366158227844, 
-1.6382642161101457, -0.14189287164411618, 0.037266416890716449, 0.10053568043119245, -0.74107056643639169, -0.017995539235649019, 0.5, 0.15242366158227844, 
-1.6186638096699484, -0.2543792291448459, 0.034428287699055406, 0.15663634049581218, -0.7342411984210836, -0.019230407332757566, 0.5, 0.15242366158227844, 
-1.5905233910392433, -0.36552232351989516, 0.031408540555611382, 0.21255269316308442, -0.72343603320230709, -0.020377451514415817, 0.5, 0.15242366158227844, 
-1.553889309716469, -0.47471213168311882, 0.028221094496903548, 0.26804308887965322, -0.70860348546977081, -0.021429655595365305, 0.5, 0.15242366158227844, 
-1.5088457391331114, -0.58133132742811977, 0.024880950602492548, 0.32285267291411379, -0.68969960752469528, -0.022379839059020593, 0.5, 0.15242366158227844, 
-1.4555167799810527, -0.6847565884846103, 0.021404216272982567, 0.37671221769056717, -0.66669002193891658, -0.023220668868271659, 0.5, 0.15242366158227844, 
-1.3940687308402993, -0.78436022506731573, 0.017808126881681513, 0.42933710445205409, -0.6395522110227061, -0.023944682419642593, 0.5, 0.15242366158227844, 
-1.3247124988429551, -0.87951218590717251, 0.014111062957213276, 0.48042651532348341, -0.60827818341577999, -0.024544323566413388, 0.5, 0.15242366158227844, 
-1.2477061128600253, -0.9695825004441424, 0.010332560746283161, 0.52966290938634386, -0.57287753226640781, -0.025011993821831797, 0.5, 0.15242366158227844, 
-1.1633572894562494, -1.0539442174052203, 0.0064933136727695229, 0.57671186989923284, -0.53338089015204593, -0.025340120990579876, 0.5, 0.15242366158227844, 
-1.072025987516352, -1.1319768998000213, 0.0026151618610553919, 0.62122242371507963, -0.48984377229291076, -0.025521247533510927, 0.5, 0.15242366158227844, 
-0.97412687100807382, -1.2030707337206195, -0.0012789334568083968, 0.66282794735247519, -0.44235078086542989, -0.025548140907249706, 0.5, 0.15242366158227844, 
-0.87013158098472088, -1.2666313023866222, -0.0051649341569734355, 0.70114778577073067, -0.39102011854686514, -0.025413927887998362, 0.5, 0.15242366158227844, 
-0.76057069804794941, -1.3220850666779509, -0.0090177918442375347, 0.73578971790621561, -0.33600832822143833, -0.025112254431890586, 0.5, 0.15242366158227844, 
-0.64603525580327859, -1.3688855779292106, -0.012811540842666043, 0.76635340517642447, -0.27751513783628301, -0.024637471882094926, 0.5, 0.15242366158227844, 
-0.52717764544430257, -1.4065204270143925, -0.016519421567393704, 0.79243495268438768, -0.21578824511354888, -0.023984849246104941, 0.5, 0.15242366158227844, 
-0.4047117330472102, -1.434518904848461, -0.020114038138814343, 0.81363269461143495, -0.15112782750546289, -0.023150809785234476, 0.5, 0.15242366158227844, 
-0.27941199649087906, -1.4524603127793505, -0.023567553692684182, 0.8295542819703744, -0.083890510932015161, -0.022133188253777237, 0.5, 0.15242366158227844, 
-0.15211148067603866, -1.4599828168390026, -0.026851926109677664, 0.83982509944675554, -0.014492480463187657, -0.02093150280624291, 0.5, 0.15242366158227844, 
-0.023698370847975339, -1.4567926880992121, -0.029939185776509697, 0.84409796625246503, 0.056588627138785028, -0.019547232921382912, 0.5, 0.15242366158227844, 
0.10488900249134342, -1.4426737140610923, -0.032801755453846358, 0.84206398311235575, 0.12881343791623609, -0.017984091808573886, 0.5, 0.15242366158227844, 
0.23266888426553561, -1.4174965059377642, -0.035412810347301843, 0.83346427553340519, 0.2015825569448064, -0.01624827889049426, 0.5, 0.15242366158227844, 
0.35862465073086847, -1.3812273680708076, -0.037746674081679601, 0.81810225754929844, 0.27424065466848502, -0.014348695413668349, 0.5, 0.15242366158227844, 
0.48171524297735208, -1.3339363440998875, -0.039779243545025468, 0.79585590938309891, 0.34608322497976118, -0.01229710442512875, 0.5, 0.15242366158227844, 
0.60088743366106701, -1.2758040165262683, -0.041488432643047524, 0.76668944029549235, 0.41636620377078509, -0.010108215718207384, 0.5, 0.15242366158227844, 
0.71508977896165904, -1.207126619173954, -0.042854622099724078, 0.73066361121077594, 0.48431847641968095, -0.0077996773335608279, 0.5, 0.15242366158227844, 
0.82328799251756746, -1.1283190326579078, -0.04386109983155103, 0.68794393937750808, 0.54915710044604593, -0.0053919581529951778, 0.5, 0.15242366158227844, 
0.9244813594168424, -1.0399152768065083, -0.044494474426423458, 0.63880601736795528, 0.61010483865593612, -0.0029081112083109524, 0.5, 0.15242366158227844, 
1.017719696845472, -0.94256619389826002, -0.044745043194316957, 0.5836372648479744, 0.66640935982820659, -0.0003734144348235826, 0.5, 0.15242366158227844, 
1.102120275864358, -0.837034131627586, -0.044607096404522741, 0.52293459932018771, 0.71736324617042524, 0.0021851057163470074, 0.5, 0.15242366158227844, 
1.176884058167422, -0.72418457945683468, -0.044079140867764682, 0.45729775575047921, 0.76232378019173463, 0.0047392529171278461, 0.5, 0.15242366158227844, 
1.2413105828969428, -0.60497487637757064, -0.04316402900397058, 0.38741828618058816, 0.80073139704980911, 0.0072603177503159809, 0.5, 0.15242366158227844, 
1.2948108682515811, -0.48044027816915474, -0.041868983827996795, 0.31406459892996508, 0.83212570279565345, 0.0097197807765380239, 0.5, 0.15242366158227844, 
1.3369177720414944, -0.35167783181196399, -0.040205515579439945, 0.23806371468266818, 0.85615808236564084, 0.012090024793203362, 0.5, 0.15242366158227844, 
1.3672933798090503, -0.21982863754653581, -0.038189231562773068, 0.16028068367509185, 0.8726001458835364, 0.014345017350161339, 0.5, 0.15242366158227844, 
1.3857331481497843, -0.086059171337595691, -0.035839546602915447, 0.081596789682153642, 0.88134756430639072, 0.016460926466270693, 0.5, 0.15242366158227844, 
1.3921667094878916, 0.048457617042914417, -0.033179306798096865, 0.0028877396856011942, 0.8824191898971584, 0.018416637910038041, 0.5, 0.15242366158227844, 
1.3866554255385932, 0.18256072569882775, -0.030234343475016773, -0.074997003834630829, 0.87595170161846359, 0.020194150657641689, 0.5, 0.15242366158227844, 
1.3693869430386367, 0.31511839797753793, -0.027032977068934705, -0.15125273806310041, 0.86219031990786321, 0.021778837129500173, 0.5, 0.15242366158227844, 
1.3406671427311281, 0.44504375318435574, -0.023605491894665018, -0.2251351003152649, 0.84147636727209696, 0.023159565261272882, 0.5, 0.15242366158227844, 
1.3009099712077936, 0.57130833857948593, -0.019983602467310766, -0.29597220687149356, 0.81423259155082928, 0.024328689166812814, 0.5, 0.15242366158227844, 
1.2506257005496593, 0.69295333491352773, -0.016199930367140743, -0.36317313006312613, 0.78094721302049919, 0.025281923124058601, 0.5, 0.15242366158227844, 
1.1904081735355969, 0.80909829199535577, -0.012287507936178195, -0.4262327596349077, 0.74215761352448739, 0.026018119251241947, 0.5, 0.15242366158227844, 
1.1209215676332591, 0.91894740295231481, -0.0082793217219368862, -0.48473331554867971, 0.69843447406349979, 0.026538972331140668, 0.5, 0.15242366158227844, 
1.0428871571224083, 1.0217934372226223, -0.0042079049271928201, -0.53834294133663041, 0.65036701040876932, 0.026848675932167606, 0.5, 0.15242366158227844, 
0.95707047898504882, 1.1170195379014352, -0.0001049845210501256, -0.58681190571642028, 0.59854977854230307, 0.026953552672791568, 0.5, 0.15242366158227844, 
0.8642692240563643, 1.2040991473366303, 0.00399881462101692, -0.62996697961966974, 0.54357134434232557, 0.026861678728079035, 0.5, 0.15242366158227844, 
0.76530208868664751, 1.2825943571968346, 0.0080742089760654605, -0.66770454590886941, 0.48600495104514646, 0.02658251906381744, 0.5, 0.15242366158227844, 
0.66099874038441409, 1.3521529889821313, 0.012093441672365776, -0.69998295258501431, 0.42640118386006909, 0.026126585931538299, 0.5, 0.15242366158227844, 
0.55219097816214746, 1.4125047026141699, 0.016030418080962526, -0.72681455038766907, 0.36528252838292041, 0.025505129288534819, 0.5, 0.15242366158227844, 
0.43970510723019979, 1.4634564091808817, 0.019860797001632471, -0.74825777423387996, 0.3031396483473589, 0.024729864316504233, 0.5, 0.15242366158227844, 
0.32435549928014423, 1.5048872337488879, 0.023562043301738618, -0.76440954450447396, 0.24042916582818027, 0.023812738274190646, 0.5, 0.15242366158227844, 
0.20693927360793568, 1.5367432394181961, 0.027113448022687787, -0.77539818567524499, 0.1775727085055164, 0.022765736603302677, 0.5, 0.15242366158227844, 
0.088232009636333236, 1.5590320877110364, 0.030496121819189436, -0.78137699056085641, 0.11495698854237313, 0.021600726505371162, 0.5, 0.15242366158227844, 
-0.031015613600775267, 1.5718177753573332, 0.033692967230966653, -0.78251850068051398, 0.052934690651008531, 0.020329335061381393, 0.5, 0.15242366158227844, 
-0.15008036255912313, 1.5752155551843738, 0.036688634783329038, -0.7790095275021276, -0.0081740317333591148, 0.018962858289397568, 0.5, 0.15242366158227844, 
-0.26826829143485137, 1.5693871200971357, 0.039469467336285369, -0.77104690497391504, -0.068079627487044408, 0.01751219723156713, 0.5, 0.15242366158227844, 
-0.38491599070309901, 1.5545361044846615, 0.042023436501229985, -0.75883393952237788, -0.12652093413804238, 0.01598781713699815, 0.5, 0.15242366158227844, 
-0.49939134463120272, 1.530903936857438, 0.044340074355654562, -0.74257750796822286, -0.18326280104342135, 0.014399725977287475, 0.5, 0.15242366158227844, 
-0.61109389214566601, 1.4987660608991431, 0.046410403134044619, -0.72248574489971529, -0.2380936463859811, 0.012757468826915992, 0.5, 0.15242366158227844, 
-0.71945487618312964, 1.4584285290304269, 0.048226865071788617, -0.69876625735222408, -0.29082302321450026, 0.011070135005920719, 0.5, 0.15242366158227844, 
-0.82393705715127064, 1.4102249625766645, 0.04978325413585151, -0.67162480476630815, -0.34127925112311153, 0.0093463752755809423, 0.5, 0.15242366158227844, 
-0.92403435685435753, 1.354513865223461, 0.051074650993036354, -0.64126438495481863, -0.38930715469673316, 0.0075944267696837712, 0.5, 0.15242366158227844, 
-1.0192713905265527, 1.2916762711620811, 0.052097362242026449, -0.60788467125412193, -0.43476593737537716, 0.0058221437144490781, 0.5, 0.15242366158227844, 
-1.1092029366625802, 1.2221137057357825, 0.052848864664807184, -0.57168175143230848, -0.47752720963175621, 0.0040370323272223476, 0.5, 0.15242366158227844, 
-1.1934133872414816, 1.1462464341081378, 0.05332775503085032, -0.53284812473091303, -0.517473182982918, 0.0022462885810802932, 0.5, 0.15242366158227844, 
-1.2715162147349948, 1.0645119721484761, 0.053533705807275588, -0.49157291923253132, -0.55449503602612815, 0.00045683777702341683, 0.5, 0.15242366158227844, 
